rload	V(out)	I(R433)
9.999999999999999e-031	5.888829e-030	5.888829e+000
1.047128548050900e-030	6.166361e-030	5.888829e+000
1.096478196143185e-030	6.456973e-030	5.888829e+000
1.148153621496883e-030	6.761280e-030	5.888829e+000
1.202264434617413e-030	7.079930e-030	5.888829e+000
1.258925411794168e-030	7.413596e-030	5.888829e+000
1.318256738556408e-030	7.762988e-030	5.888829e+000
1.380384264602886e-030	8.128847e-030	5.888829e+000
1.445439770745929e-030	8.511948e-030	5.888829e+000
1.513561248436209e-030	8.913103e-030	5.888829e+000
1.584893192461115e-030	9.333165e-030	5.888829e+000
1.659586907437562e-030	9.773023e-030	5.888829e+000
1.737800828749377e-030	1.023361e-029	5.888829e+000
1.819700858609986e-030	1.071591e-029	5.888829e+000
1.905460717963249e-030	1.122093e-029	5.888829e+000
1.995262314968882e-030	1.174976e-029	5.888829e+000
2.089296130854042e-030	1.230351e-029	5.888829e+000
2.187761623949556e-030	1.288335e-029	5.888829e+000
2.290867652767776e-030	1.349053e-029	5.888829e+000
2.398832919019494e-030	1.412632e-029	5.888829e+000
2.511886431509584e-030	1.479207e-029	5.888829e+000
2.630267991895387e-030	1.548920e-029	5.888829e+000
2.754228703338172e-030	1.621918e-029	5.888829e+000
2.884031503126611e-030	1.698357e-029	5.888829e+000
3.019951720402022e-030	1.778398e-029	5.888829e+000
3.162277660168386e-030	1.862211e-029	5.888829e+000
3.311311214825918e-030	1.949975e-029	5.888829e+000
3.467368504525324e-030	2.041874e-029	5.888829e+000
3.630780547701021e-030	2.138105e-029	5.888829e+000
3.801893963205620e-030	2.238870e-029	5.888829e+000
3.981071705534982e-030	2.344385e-029	5.888829e+000
4.168693834703364e-030	2.454872e-029	5.888829e+000
4.365158322401670e-030	2.570567e-029	5.888829e+000
4.570881896148762e-030	2.691714e-029	5.888829e+000
4.786300923226396e-030	2.818571e-029	5.888829e+000
5.011872336272736e-030	2.951406e-029	5.888829e+000
5.248074602497740e-030	3.090501e-029	5.888829e+000
5.495408738576260e-030	3.236152e-029	5.888829e+000
5.754399373371585e-030	3.388667e-029	5.888829e+000
6.025595860743594e-030	3.548370e-029	5.888829e+000
6.309573444801951e-030	3.715600e-029	5.888829e+000
6.606934480075979e-030	3.890711e-029	5.888829e+000
6.918309709189385e-030	4.074074e-029	5.888829e+000
7.244359600749923e-030	4.266079e-029	5.888829e+000
7.585775750291861e-030	4.467133e-029	5.888829e+000
7.943282347242840e-030	4.677663e-029	5.888829e+000
8.317637711026736e-030	4.898114e-029	5.888829e+000
8.709635899560834e-030	5.128955e-029	5.888829e+000
9.120108393559127e-030	5.370676e-029	5.888829e+000
9.549925860214391e-030	5.623788e-029	5.888829e+000
1.000000000000003e-029	5.888829e-029	5.888829e+000
1.047128548050903e-029	6.166361e-029	5.888829e+000
1.096478196143189e-029	6.456973e-029	5.888829e+000
1.148153621496887e-029	6.761280e-029	5.888829e+000
1.202264434617417e-029	7.079930e-029	5.888829e+000
1.258925411794172e-029	7.413596e-029	5.888829e+000
1.318256738556412e-029	7.762988e-029	5.888829e+000
1.380384264602890e-029	8.128847e-029	5.888829e+000
1.445439770745933e-029	8.511948e-029	5.888829e+000
1.513561248436214e-029	8.913103e-029	5.888829e+000
1.584893192461120e-029	9.333165e-029	5.888829e+000
1.659586907437567e-029	9.773023e-029	5.888829e+000
1.737800828749382e-029	1.023361e-028	5.888829e+000
1.819700858609991e-029	1.071591e-028	5.888829e+000
1.905460717963255e-029	1.122093e-028	5.888829e+000
1.995262314968888e-029	1.174976e-028	5.888829e+000
2.089296130854048e-029	1.230351e-028	5.888829e+000
2.187761623949562e-029	1.288335e-028	5.888829e+000
2.290867652767783e-029	1.349053e-028	5.888829e+000
2.398832919019501e-029	1.412632e-028	5.888829e+000
2.511886431509592e-029	1.479207e-028	5.888829e+000
2.630267991895394e-029	1.548920e-028	5.888829e+000
2.754228703338179e-029	1.621918e-028	5.888829e+000
2.884031503126619e-029	1.698357e-028	5.888829e+000
3.019951720402030e-029	1.778398e-028	5.888829e+000
3.162277660168394e-029	1.862211e-028	5.888829e+000
3.311311214825927e-029	1.949974e-028	5.888829e+000
3.467368504525334e-029	2.041874e-028	5.888829e+000
3.630780547701031e-029	2.138105e-028	5.888829e+000
3.801893963205631e-029	2.238870e-028	5.888829e+000
3.981071705534993e-029	2.344385e-028	5.888829e+000
4.168693834703376e-029	2.454872e-028	5.888829e+000
4.365158322401683e-029	2.570567e-028	5.888829e+000
4.570881896148775e-029	2.691714e-028	5.888829e+000
4.786300923226409e-029	2.818571e-028	5.888829e+000
5.011872336272751e-029	2.951406e-028	5.888829e+000
5.248074602497755e-029	3.090501e-028	5.888829e+000
5.495408738576276e-029	3.236152e-028	5.888829e+000
5.754399373371602e-029	3.388667e-028	5.888829e+000
6.025595860743612e-029	3.548370e-028	5.888829e+000
6.309573444801969e-029	3.715600e-028	5.888829e+000
6.606934480075999e-029	3.890711e-028	5.888829e+000
6.918309709189405e-029	4.074074e-028	5.888829e+000
7.244359600749944e-029	4.266079e-028	5.888829e+000
7.585775750291883e-029	4.467133e-028	5.888829e+000
7.943282347242864e-029	4.677663e-028	5.888829e+000
8.317637711026762e-029	4.898115e-028	5.888829e+000
8.709635899560861e-029	5.128956e-028	5.888829e+000
9.120108393559156e-029	5.370676e-028	5.888829e+000
9.549925860214421e-029	5.623788e-028	5.888829e+000
1.000000000000007e-028	5.888829e-028	5.888829e+000
1.047128548050907e-028	6.166361e-028	5.888829e+000
1.096478196143192e-028	6.456972e-028	5.888829e+000
1.148153621496890e-028	6.761280e-028	5.888829e+000
1.202264434617421e-028	7.079929e-028	5.888829e+000
1.258925411794176e-028	7.413596e-028	5.888829e+000
1.318256738556416e-028	7.762988e-028	5.888829e+000
1.380384264602894e-028	8.128847e-028	5.888829e+000
1.445439770745938e-028	8.511948e-028	5.888829e+000
1.513561248436219e-028	8.913104e-028	5.888829e+000
1.584893192461125e-028	9.333164e-028	5.888829e+000
1.659586907437573e-028	9.773024e-028	5.888829e+000
1.737800828749388e-028	1.023361e-027	5.888829e+000
1.819700858609997e-028	1.071591e-027	5.888829e+000
1.905460717963261e-028	1.122093e-027	5.888829e+000
1.995262314968894e-028	1.174976e-027	5.888829e+000
2.089296130854055e-028	1.230351e-027	5.888829e+000
2.187761623949569e-028	1.288335e-027	5.888829e+000
2.290867652767790e-028	1.349053e-027	5.888829e+000
2.398832919019509e-028	1.412632e-027	5.888829e+000
2.511886431509599e-028	1.479207e-027	5.888829e+000
2.630267991895402e-028	1.548920e-027	5.888829e+000
2.754228703338188e-028	1.621918e-027	5.888829e+000
2.884031503126629e-028	1.698357e-027	5.888829e+000
3.019951720402040e-028	1.778398e-027	5.888829e+000
3.162277660168405e-028	1.862211e-027	5.888829e+000
3.311311214825938e-028	1.949975e-027	5.888829e+000
3.467368504525344e-028	2.041874e-027	5.888829e+000
3.630780547701043e-028	2.138104e-027	5.888829e+000
3.801893963205643e-028	2.238870e-027	5.888829e+000
3.981071705535005e-028	2.344385e-027	5.888829e+000
4.168693834703388e-028	2.454873e-027	5.888829e+000
4.365158322401696e-028	2.570567e-027	5.888829e+000
4.570881896148789e-028	2.691714e-027	5.888829e+000
4.786300923226425e-028	2.818571e-027	5.888829e+000
5.011872336272767e-028	2.951406e-027	5.888829e+000
5.248074602497772e-028	3.090501e-027	5.888829e+000
5.495408738576294e-028	3.236152e-027	5.888829e+000
5.754399373371621e-028	3.388667e-027	5.888829e+000
6.025595860743632e-028	3.548370e-027	5.888829e+000
6.309573444801990e-028	3.715600e-027	5.888829e+000
6.606934480076021e-028	3.890711e-027	5.888829e+000
6.918309709189429e-028	4.074074e-027	5.888829e+000
7.244359600749968e-028	4.266079e-027	5.888829e+000
7.585775750291909e-028	4.467134e-027	5.888829e+000
7.943282347242890e-028	4.677663e-027	5.888829e+000
8.317637711026790e-028	4.898114e-027	5.888829e+000
8.709635899560891e-028	5.128956e-027	5.888829e+000
9.120108393559187e-028	5.370676e-027	5.888829e+000
9.549925860214454e-028	5.623788e-027	5.888829e+000
1.000000000000010e-027	5.888829e-027	5.888829e+000
1.047128548050910e-027	6.166361e-027	5.888829e+000
1.096478196143196e-027	6.456972e-027	5.888829e+000
1.148153621496894e-027	6.761281e-027	5.888829e+000
1.202264434617425e-027	7.079930e-027	5.888829e+000
1.258925411794180e-027	7.413596e-027	5.888829e+000
1.318256738556421e-027	7.762988e-027	5.888829e+000
1.380384264602899e-027	8.128846e-027	5.888829e+000
1.445439770745943e-027	8.511948e-027	5.888829e+000
1.513561248436224e-027	8.913103e-027	5.888829e+000
1.584893192461130e-027	9.333165e-027	5.888829e+000
1.659586907437578e-027	9.773024e-027	5.888829e+000
1.737800828749394e-027	1.023361e-026	5.888829e+000
1.819700858610003e-027	1.071591e-026	5.888829e+000
1.905460717963268e-027	1.122093e-026	5.888829e+000
1.995262314968901e-027	1.174976e-026	5.888829e+000
2.089296130854062e-027	1.230351e-026	5.888829e+000
2.187761623949577e-027	1.288335e-026	5.888829e+000
2.290867652767798e-027	1.349053e-026	5.888829e+000
2.398832919019517e-027	1.412632e-026	5.888829e+000
2.511886431509608e-027	1.479207e-026	5.888829e+000
2.630267991895412e-027	1.548920e-026	5.888829e+000
2.754228703338198e-027	1.621918e-026	5.888829e+000
2.884031503126639e-027	1.698357e-026	5.888829e+000
3.019951720402051e-027	1.778398e-026	5.888829e+000
3.162277660168416e-027	1.862211e-026	5.888829e+000
3.311311214825949e-027	1.949974e-026	5.888829e+000
3.467368504525356e-027	2.041874e-026	5.888829e+000
3.630780547701056e-027	2.138105e-026	5.888829e+000
3.801893963205656e-027	2.238870e-026	5.888829e+000
3.981071705535020e-027	2.344385e-026	5.888829e+000
4.168693834703404e-027	2.454872e-026	5.888829e+000
4.365158322401712e-027	2.570567e-026	5.888829e+000
4.570881896148806e-027	2.691714e-026	5.888829e+000
4.786300923226441e-027	2.818571e-026	5.888829e+000
5.011872336272784e-027	2.951406e-026	5.888829e+000
5.248074602497790e-027	3.090501e-026	5.888829e+000
5.495408738576313e-027	3.236152e-026	5.888829e+000
5.754399373371640e-027	3.388667e-026	5.888829e+000
6.025595860743652e-027	3.548370e-026	5.888829e+000
6.309573444802011e-027	3.715600e-026	5.888829e+000
6.606934480076043e-027	3.890711e-026	5.888829e+000
6.918309709189452e-027	4.074074e-026	5.888829e+000
7.244359600749993e-027	4.266079e-026	5.888829e+000
7.585775750291935e-027	4.467133e-026	5.888829e+000
7.943282347242917e-027	4.677663e-026	5.888829e+000
8.317637711026817e-027	4.898114e-026	5.888829e+000
8.709635899560919e-027	5.128955e-026	5.888829e+000
9.120108393559216e-027	5.370676e-026	5.888829e+000
9.549925860214483e-027	5.623788e-026	5.888829e+000
1.000000000000013e-026	5.888829e-026	5.888829e+000
1.047128548050913e-026	6.166361e-026	5.888829e+000
1.096478196143200e-026	6.456973e-026	5.888829e+000
1.148153621496898e-026	6.761280e-026	5.888829e+000
1.202264434617429e-026	7.079929e-026	5.888829e+000
1.258925411794184e-026	7.413596e-026	5.888829e+000
1.318256738556425e-026	7.762988e-026	5.888829e+000
1.380384264602904e-026	8.128847e-026	5.888829e+000
1.445439770745947e-026	8.511947e-026	5.888829e+000
1.513561248436229e-026	8.913103e-026	5.888829e+000
1.584893192461135e-026	9.333165e-026	5.888829e+000
1.659586907437584e-026	9.773023e-026	5.888829e+000
1.737800828749400e-026	1.023361e-025	5.888829e+000
1.819700858610009e-026	1.071591e-025	5.888829e+000
1.905460717963274e-026	1.122093e-025	5.888829e+000
1.995262314968908e-026	1.174976e-025	5.888829e+000
2.089296130854070e-026	1.230351e-025	5.888829e+000
2.187761623949584e-026	1.288335e-025	5.888829e+000
2.290867652767806e-026	1.349053e-025	5.888829e+000
2.398832919019525e-026	1.412632e-025	5.888829e+000
2.511886431509617e-026	1.479207e-025	5.888829e+000
2.630267991895420e-026	1.548920e-025	5.888829e+000
2.754228703338207e-026	1.621918e-025	5.888829e+000
2.884031503126649e-026	1.698357e-025	5.888829e+000
3.019951720402061e-026	1.778398e-025	5.888829e+000
3.162277660168426e-026	1.862211e-025	5.888829e+000
3.311311214825961e-026	1.949975e-025	5.888829e+000
3.467368504525369e-026	2.041874e-025	5.888829e+000
3.630780547701069e-026	2.138104e-025	5.888829e+000
3.801893963205670e-026	2.238870e-025	5.888829e+000
3.981071705535034e-026	2.344385e-025	5.888829e+000
4.168693834703419e-026	2.454873e-025	5.888829e+000
4.365158322401728e-026	2.570567e-025	5.888829e+000
4.570881896148822e-026	2.691714e-025	5.888829e+000
4.786300923226459e-026	2.818571e-025	5.888829e+000
5.011872336272802e-026	2.951406e-025	5.888829e+000
5.248074602497810e-026	3.090501e-025	5.888829e+000
5.495408738576334e-026	3.236152e-025	5.888829e+000
5.754399373371662e-026	3.388667e-025	5.888829e+000
6.025595860743675e-026	3.548370e-025	5.888829e+000
6.309573444802034e-026	3.715600e-025	5.888829e+000
6.606934480076067e-026	3.890711e-025	5.888829e+000
6.918309709189478e-026	4.074074e-025	5.888829e+000
7.244359600750020e-026	4.266079e-025	5.888829e+000
7.585775750291963e-026	4.467133e-025	5.888829e+000
7.943282347242947e-026	4.677663e-025	5.888829e+000
8.317637711026849e-026	4.898115e-025	5.888829e+000
8.709635899560953e-026	5.128956e-025	5.888829e+000
9.120108393559251e-026	5.370676e-025	5.888829e+000
9.549925860214521e-026	5.623788e-025	5.888829e+000
1.000000000000017e-025	5.888829e-025	5.888829e+000
1.047128548050917e-025	6.166361e-025	5.888829e+000
1.096478196143204e-025	6.456972e-025	5.888829e+000
1.148153621496903e-025	6.761280e-025	5.888829e+000
1.202264434617434e-025	7.079929e-025	5.888829e+000
1.258925411794189e-025	7.413596e-025	5.888829e+000
1.318256738556430e-025	7.762988e-025	5.888829e+000
1.380384264602909e-025	8.128847e-025	5.888829e+000
1.445439770745953e-025	8.511947e-025	5.888829e+000
1.513561248436235e-025	8.913104e-025	5.888829e+000
1.584893192461142e-025	9.333165e-025	5.888829e+000
1.659586907437590e-025	9.773023e-025	5.888829e+000
1.737800828749407e-025	1.023361e-024	5.888829e+000
1.819700858610016e-025	1.071591e-024	5.888829e+000
1.905460717963281e-025	1.122093e-024	5.888829e+000
1.995262314968916e-025	1.174976e-024	5.888829e+000
2.089296130854077e-025	1.230351e-024	5.888829e+000
2.187761623949593e-025	1.288335e-024	5.888829e+000
2.290867652767815e-025	1.349053e-024	5.888829e+000
2.398832919019535e-025	1.412632e-024	5.888829e+000
2.511886431509627e-025	1.479207e-024	5.888829e+000
2.630267991895431e-025	1.548920e-024	5.888829e+000
2.754228703338218e-025	1.621918e-024	5.888829e+000
2.884031503126660e-025	1.698357e-024	5.888829e+000
3.019951720402073e-025	1.778398e-024	5.888829e+000
3.162277660168439e-025	1.862211e-024	5.888829e+000
3.311311214825974e-025	1.949974e-024	5.888829e+000
3.467368504525383e-025	2.041874e-024	5.888829e+000
3.630780547701083e-025	2.138105e-024	5.888829e+000
3.801893963205685e-025	2.238870e-024	5.888829e+000
3.981071705535049e-025	2.344385e-024	5.888829e+000
4.168693834703435e-025	2.454872e-024	5.888829e+000
4.365158322401744e-025	2.570567e-024	5.888829e+000
4.570881896148839e-025	2.691714e-024	5.888829e+000
4.786300923226477e-025	2.818571e-024	5.888829e+000
5.011872336272821e-025	2.951406e-024	5.888829e+000
5.248074602497829e-025	3.090501e-024	5.888829e+000
5.495408738576354e-025	3.236152e-024	5.888829e+000
5.754399373371683e-025	3.388667e-024	5.888829e+000
6.025595860743697e-025	3.548370e-024	5.888829e+000
6.309573444802058e-025	3.715600e-024	5.888829e+000
6.606934480076092e-025	3.890710e-024	5.888829e+000
6.918309709189504e-025	4.074074e-024	5.888829e+000
7.244359600750047e-025	4.266079e-024	5.888829e+000
7.585775750291991e-025	4.467134e-024	5.888829e+000
7.943282347242976e-025	4.677663e-024	5.888829e+000
8.317637711026879e-025	4.898115e-024	5.888829e+000
8.709635899560984e-025	5.128955e-024	5.888829e+000
9.120108393559285e-025	5.370676e-024	5.888829e+000
9.549925860214557e-025	5.623788e-024	5.888829e+000
1.000000000000021e-024	5.888829e-024	5.888829e+000
1.047128548050921e-024	6.166361e-024	5.888829e+000
1.096478196143208e-024	6.456972e-024	5.888829e+000
1.148153621496907e-024	6.761280e-024	5.888829e+000
1.202264434617438e-024	7.079930e-024	5.888829e+000
1.258925411794194e-024	7.413596e-024	5.888829e+000
1.318256738556435e-024	7.762988e-024	5.888829e+000
1.380384264602914e-024	8.128846e-024	5.888829e+000
1.445439770745958e-024	8.511947e-024	5.888829e+000
1.513561248436241e-024	8.913103e-024	5.888829e+000
1.584893192461148e-024	9.333165e-024	5.888829e+000
1.659586907437597e-024	9.773023e-024	5.888829e+000
1.737800828749413e-024	1.023361e-023	5.888829e+000
1.819700858610023e-024	1.071591e-023	5.888829e+000
1.905460717963289e-024	1.122093e-023	5.888829e+000
1.995262314968923e-024	1.174976e-023	5.888829e+000
2.089296130854086e-024	1.230351e-023	5.888829e+000
2.187761623949601e-024	1.288335e-023	5.888829e+000
2.290867652767824e-024	1.349053e-023	5.888829e+000
2.398832919019544e-024	1.412632e-023	5.888829e+000
2.511886431509636e-024	1.479207e-023	5.888829e+000
2.630267991895441e-024	1.548920e-023	5.888829e+000
2.754228703338228e-024	1.621918e-023	5.888829e+000
2.884031503126671e-024	1.698357e-023	5.888829e+000
3.019951720402085e-024	1.778398e-023	5.888829e+000
3.162277660168452e-024	1.862211e-023	5.888829e+000
3.311311214825987e-024	1.949975e-023	5.888829e+000
3.467368504525396e-024	2.041874e-023	5.888829e+000
3.630780547701097e-024	2.138105e-023	5.888829e+000
3.801893963205700e-024	2.238870e-023	5.888829e+000
3.981071705535065e-024	2.344385e-023	5.888829e+000
4.168693834703451e-024	2.454873e-023	5.888829e+000
4.365158322401762e-024	2.570567e-023	5.888829e+000
4.570881896148858e-024	2.691714e-023	5.888829e+000
4.786300923226496e-024	2.818571e-023	5.888829e+000
5.011872336272841e-024	2.951406e-023	5.888829e+000
5.248074602497850e-024	3.090501e-023	5.888829e+000
5.495408738576376e-024	3.236152e-023	5.888829e+000
5.754399373371707e-024	3.388667e-023	5.888829e+000
6.025595860743722e-024	3.548370e-023	5.888829e+000
6.309573444802084e-024	3.715600e-023	5.888829e+000
6.606934480076119e-024	3.890711e-023	5.888829e+000
6.918309709189532e-024	4.074074e-023	5.888829e+000
7.244359600750077e-024	4.266079e-023	5.888829e+000
7.585775750292023e-024	4.467133e-023	5.888829e+000
7.943282347243009e-024	4.677663e-023	5.888829e+000
8.317637711026914e-024	4.898115e-023	5.888829e+000
8.709635899561020e-024	5.128956e-023	5.888829e+000
9.120108393559322e-024	5.370675e-023	5.888829e+000
9.549925860214596e-024	5.623788e-023	5.888829e+000
1.000000000000025e-023	5.888829e-023	5.888829e+000
1.047128548050926e-023	6.166361e-023	5.888829e+000
1.096478196143212e-023	6.456972e-023	5.888829e+000
1.148153621496911e-023	6.761280e-023	5.888829e+000
1.202264434617443e-023	7.079929e-023	5.888829e+000
1.258925411794199e-023	7.413596e-023	5.888829e+000
1.318256738556440e-023	7.762988e-023	5.888829e+000
1.380384264602920e-023	8.128847e-023	5.888829e+000
1.445439770745964e-023	8.511947e-023	5.888829e+000
1.513561248436246e-023	8.913103e-023	5.888829e+000
1.584893192461154e-023	9.333165e-023	5.888829e+000
1.659586907437603e-023	9.773024e-023	5.888829e+000
1.737800828749420e-023	1.023361e-022	5.888829e+000
1.819700858610030e-023	1.071591e-022	5.888829e+000
1.905460717963296e-023	1.122093e-022	5.888829e+000
1.995262314968931e-023	1.174976e-022	5.888829e+000
2.089296130854094e-023	1.230351e-022	5.888829e+000
2.187761623949609e-023	1.288335e-022	5.888829e+000
2.290867652767832e-023	1.349053e-022	5.888829e+000
2.398832919019553e-023	1.412632e-022	5.888829e+000
2.511886431509645e-023	1.479207e-022	5.888829e+000
2.630267991895451e-023	1.548920e-022	5.888829e+000
2.754228703338238e-023	1.621918e-022	5.888829e+000
2.884031503126682e-023	1.698357e-022	5.888829e+000
3.019951720402096e-023	1.778398e-022	5.888829e+000
3.162277660168463e-023	1.862211e-022	5.888829e+000
3.311311214825999e-023	1.949975e-022	5.888829e+000
3.467368504525409e-023	2.041874e-022	5.888829e+000
3.630780547701111e-023	2.138105e-022	5.888829e+000
3.801893963205714e-023	2.238870e-022	5.888829e+000
3.981071705535080e-023	2.344385e-022	5.888829e+000
4.168693834703467e-023	2.454873e-022	5.888829e+000
4.365158322401779e-023	2.570567e-022	5.888829e+000
4.570881896148875e-023	2.691714e-022	5.888829e+000
4.786300923226514e-023	2.818571e-022	5.888829e+000
5.011872336272860e-023	2.951406e-022	5.888829e+000
5.248074602497870e-023	3.090501e-022	5.888829e+000
5.495408738576396e-023	3.236152e-022	5.888829e+000
5.754399373371727e-023	3.388667e-022	5.888829e+000
6.025595860743743e-023	3.548370e-022	5.888829e+000
6.309573444802106e-023	3.715600e-022	5.888829e+000
6.606934480076142e-023	3.890711e-022	5.888829e+000
6.918309709189556e-023	4.074074e-022	5.888829e+000
7.244359600750101e-023	4.266080e-022	5.888829e+000
7.585775750292048e-023	4.467134e-022	5.888829e+000
7.943282347243036e-023	4.677663e-022	5.888829e+000
8.317637711026941e-023	4.898114e-022	5.888829e+000
8.709635899561049e-023	5.128956e-022	5.888829e+000
9.120108393559352e-023	5.370676e-022	5.888829e+000
9.549925860214626e-023	5.623788e-022	5.888829e+000
1.000000000000028e-022	5.888829e-022	5.888829e+000
1.047128548050929e-022	6.166361e-022	5.888829e+000
1.096478196143216e-022	6.456973e-022	5.888829e+000
1.148153621496915e-022	6.761280e-022	5.888829e+000
1.202264434617447e-022	7.079929e-022	5.888829e+000
1.258925411794203e-022	7.413596e-022	5.888829e+000
1.318256738556445e-022	7.762989e-022	5.888829e+000
1.380384264602924e-022	8.128847e-022	5.888829e+000
1.445439770745969e-022	8.511947e-022	5.888829e+000
1.513561248436252e-022	8.913103e-022	5.888829e+000
1.584893192461159e-022	9.333165e-022	5.888829e+000
1.659586907437609e-022	9.773024e-022	5.888829e+000
1.737800828749426e-022	1.023361e-021	5.888829e+000
1.819700858610036e-022	1.071591e-021	5.888829e+000
1.905460717963303e-022	1.122093e-021	5.888829e+000
1.995262314968938e-022	1.174976e-021	5.888829e+000
2.089296130854101e-022	1.230351e-021	5.888829e+000
2.187761623949617e-022	1.288335e-021	5.888829e+000
2.290867652767841e-022	1.349053e-021	5.888829e+000
2.398832919019561e-022	1.412632e-021	5.888829e+000
2.511886431509654e-022	1.479207e-021	5.888829e+000
2.630267991895459e-022	1.548920e-021	5.888829e+000
2.754228703338248e-022	1.621918e-021	5.888829e+000
2.884031503126692e-022	1.698357e-021	5.888829e+000
3.019951720402106e-022	1.778398e-021	5.888829e+000
3.162277660168474e-022	1.862211e-021	5.888829e+000
3.311311214826010e-022	1.949974e-021	5.888829e+000
3.467368504525420e-022	2.041874e-021	5.888829e+000
3.630780547701123e-022	2.138105e-021	5.888829e+000
3.801893963205727e-022	2.238870e-021	5.888829e+000
3.981071705535093e-022	2.344385e-021	5.888829e+000
4.168693834703480e-022	2.454873e-021	5.888829e+000
4.365158322401792e-022	2.570567e-021	5.888829e+000
4.570881896148889e-022	2.691714e-021	5.888829e+000
4.786300923226529e-022	2.818571e-021	5.888829e+000
5.011872336272875e-022	2.951406e-021	5.888829e+000
5.248074602497886e-022	3.090501e-021	5.888829e+000
5.495408738576413e-022	3.236152e-021	5.888829e+000
5.754399373371746e-022	3.388667e-021	5.888829e+000
6.025595860743762e-022	3.548370e-021	5.888829e+000
6.309573444802127e-022	3.715600e-021	5.888829e+000
6.606934480076164e-022	3.890711e-021	5.888829e+000
6.918309709189579e-022	4.074074e-021	5.888829e+000
7.244359600750125e-022	4.266079e-021	5.888829e+000
7.585775750292074e-022	4.467134e-021	5.888829e+000
7.943282347243063e-022	4.677663e-021	5.888829e+000
8.317637711026970e-022	4.898114e-021	5.888829e+000
8.709635899561080e-022	5.128956e-021	5.888829e+000
9.120108393559385e-022	5.370676e-021	5.888829e+000
9.549925860214661e-022	5.623788e-021	5.888829e+000
1.000000000000032e-021	5.888829e-021	5.888829e+000
1.047128548050933e-021	6.166361e-021	5.888829e+000
1.096478196143220e-021	6.456973e-021	5.888829e+000
1.148153621496920e-021	6.761280e-021	5.888829e+000
1.202264434617451e-021	7.079929e-021	5.888829e+000
1.258925411794208e-021	7.413597e-021	5.888829e+000
1.318256738556450e-021	7.762988e-021	5.888829e+000
1.380384264602929e-021	8.128847e-021	5.888829e+000
1.445439770745974e-021	8.511948e-021	5.888829e+000
1.513561248436257e-021	8.913103e-021	5.888829e+000
1.584893192461165e-021	9.333164e-021	5.888829e+000
1.659586907437615e-021	9.773023e-021	5.888829e+000
1.737800828749432e-021	1.023361e-020	5.888829e+000
1.819700858610043e-021	1.071591e-020	5.888829e+000
1.905460717963310e-021	1.122093e-020	5.888829e+000
1.995262314968945e-021	1.174976e-020	5.888829e+000
2.089296130854108e-021	1.230351e-020	5.888829e+000
2.187761623949625e-021	1.288335e-020	5.888829e+000
2.290867652767849e-021	1.349053e-020	5.888829e+000
2.398832919019570e-021	1.412632e-020	5.888829e+000
2.511886431509663e-021	1.479207e-020	5.888829e+000
2.630267991895469e-021	1.548920e-020	5.888829e+000
2.754228703338258e-021	1.621918e-020	5.888829e+000
2.884031503126702e-021	1.698357e-020	5.888829e+000
3.019951720402117e-021	1.778398e-020	5.888829e+000
3.162277660168485e-021	1.862211e-020	5.888829e+000
3.311311214826022e-021	1.949975e-020	5.888829e+000
3.467368504525433e-021	2.041874e-020	5.888829e+000
3.630780547701136e-021	2.138105e-020	5.888829e+000
3.801893963205740e-021	2.238870e-020	5.888829e+000
3.981071705535107e-021	2.344385e-020	5.888829e+000
4.168693834703495e-021	2.454873e-020	5.888829e+000
4.365158322401807e-021	2.570567e-020	5.888829e+000
4.570881896148905e-021	2.691714e-020	5.888829e+000
4.786300923226546e-021	2.818571e-020	5.888829e+000
5.011872336272893e-021	2.951406e-020	5.888829e+000
5.248074602497905e-021	3.090501e-020	5.888829e+000
5.495408738576433e-021	3.236152e-020	5.888829e+000
5.754399373371767e-021	3.388667e-020	5.888829e+000
6.025595860743785e-021	3.548370e-020	5.888829e+000
6.309573444802150e-021	3.715600e-020	5.888829e+000
6.606934480076188e-021	3.890711e-020	5.888829e+000
6.918309709189604e-021	4.074074e-020	5.888829e+000
7.244359600750152e-021	4.266079e-020	5.888829e+000
7.585775750292101e-021	4.467134e-020	5.888829e+000
7.943282347243091e-021	4.677663e-020	5.888829e+000
8.317637711027000e-021	4.898114e-020	5.888829e+000
8.709635899561111e-021	5.128956e-020	5.888829e+000
9.120108393559417e-021	5.370676e-020	5.888829e+000
9.549925860214694e-021	5.623788e-020	5.888829e+000
1.000000000000035e-020	5.888829e-020	5.888829e+000
1.047128548050936e-020	6.166361e-020	5.888829e+000
1.096478196143224e-020	6.456973e-020	5.888829e+000
1.148153621496923e-020	6.761280e-020	5.888829e+000
1.202264434617455e-020	7.079929e-020	5.888829e+000
1.258925411794212e-020	7.413597e-020	5.888829e+000
1.318256738556454e-020	7.762989e-020	5.888829e+000
1.380384264602934e-020	8.128847e-020	5.888829e+000
1.445439770745979e-020	8.511948e-020	5.888829e+000
1.513561248436262e-020	8.913103e-020	5.888829e+000
1.584893192461170e-020	9.333165e-020	5.888829e+000
1.659586907437620e-020	9.773023e-020	5.888829e+000
1.737800828749438e-020	1.023361e-019	5.888829e+000
1.819700858610049e-020	1.071591e-019	5.888829e+000
1.905460717963316e-020	1.122093e-019	5.888829e+000
1.995262314968952e-020	1.174976e-019	5.888829e+000
2.089296130854115e-020	1.230351e-019	5.888829e+000
2.187761623949632e-020	1.288335e-019	5.888829e+000
2.290867652767857e-020	1.349053e-019	5.888829e+000
2.398832919019578e-020	1.412632e-019	5.888829e+000
2.511886431509672e-020	1.479207e-019	5.888829e+000
2.630267991895479e-020	1.548920e-019	5.888829e+000
2.754228703338268e-020	1.621918e-019	5.888829e+000
2.884031503126713e-020	1.698357e-019	5.888829e+000
3.019951720402128e-020	1.778398e-019	5.888829e+000
3.162277660168497e-020	1.862211e-019	5.888829e+000
3.311311214826035e-020	1.949975e-019	5.888829e+000
3.467368504525446e-020	2.041874e-019	5.888829e+000
3.630780547701149e-020	2.138105e-019	5.888829e+000
3.801893963205754e-020	2.238870e-019	5.888829e+000
3.981071705535122e-020	2.344385e-019	5.888829e+000
4.168693834703510e-020	2.454873e-019	5.888829e+000
4.365158322401824e-020	2.570567e-019	5.888829e+000
4.570881896148922e-020	2.691714e-019	5.888829e+000
4.786300923226564e-020	2.818571e-019	5.888829e+000
5.011872336272912e-020	2.951406e-019	5.888829e+000
5.248074602497925e-020	3.090501e-019	5.888829e+000
5.495408738576454e-020	3.236152e-019	5.888829e+000
5.754399373371789e-020	3.388667e-019	5.888829e+000
6.025595860743807e-020	3.548370e-019	5.888829e+000
6.309573444802173e-020	3.715600e-019	5.888829e+000
6.606934480076212e-020	3.890711e-019	5.888829e+000
6.918309709189629e-020	4.074074e-019	5.888829e+000
7.244359600750177e-020	4.266079e-019	5.888829e+000
7.585775750292127e-020	4.467134e-019	5.888829e+000
7.943282347243119e-020	4.677663e-019	5.888829e+000
8.317637711027029e-020	4.898114e-019	5.888829e+000
8.709635899561141e-020	5.128956e-019	5.888829e+000
9.120108393559448e-020	5.370676e-019	5.888829e+000
9.549925860214728e-020	5.623788e-019	5.888829e+000
1.000000000000039e-019	5.888829e-019	5.888829e+000
1.047128548050940e-019	6.166361e-019	5.888829e+000
1.096478196143228e-019	6.456972e-019	5.888829e+000
1.148153621496927e-019	6.761280e-019	5.888829e+000
1.202264434617460e-019	7.079929e-019	5.888829e+000
1.258925411794216e-019	7.413596e-019	5.888829e+000
1.318256738556458e-019	7.762988e-019	5.888829e+000
1.380384264602939e-019	8.128847e-019	5.888829e+000
1.445439770745984e-019	8.511948e-019	5.888829e+000
1.513561248436267e-019	8.913103e-019	5.888829e+000
1.584893192461176e-019	9.333165e-019	5.888829e+000
1.659586907437626e-019	9.773023e-019	5.888829e+000
1.737800828749444e-019	1.023361e-018	5.888829e+000
1.819700858610055e-019	1.071591e-018	5.888829e+000
1.905460717963323e-019	1.122093e-018	5.888829e+000
1.995262314968959e-019	1.174976e-018	5.888829e+000
2.089296130854123e-019	1.230351e-018	5.888829e+000
2.187761623949640e-019	1.288335e-018	5.888829e+000
2.290867652767865e-019	1.349053e-018	5.888829e+000
2.398832919019587e-019	1.412632e-018	5.888829e+000
2.511886431509681e-019	1.479207e-018	5.888829e+000
2.630267991895488e-019	1.548920e-018	5.888829e+000
2.754228703338278e-019	1.621918e-018	5.888829e+000
2.884031503126722e-019	1.698357e-018	5.888829e+000
3.019951720402138e-019	1.778398e-018	5.888829e+000
3.162277660168507e-019	1.862211e-018	5.888829e+000
3.311311214826045e-019	1.949974e-018	5.888829e+000
3.467368504525457e-019	2.041874e-018	5.888829e+000
3.630780547701161e-019	2.138105e-018	5.888829e+000
3.801893963205767e-019	2.238870e-018	5.888829e+000
3.981071705535135e-019	2.344385e-018	5.888829e+000
4.168693834703525e-019	2.454873e-018	5.888829e+000
4.365158322401839e-019	2.570567e-018	5.888829e+000
4.570881896148938e-019	2.691714e-018	5.888829e+000
4.786300923226580e-019	2.818571e-018	5.888829e+000
5.011872336272929e-019	2.951406e-018	5.888829e+000
5.248074602497942e-019	3.090501e-018	5.888829e+000
5.495408738576473e-019	3.236152e-018	5.888829e+000
5.754399373371808e-019	3.388667e-018	5.888829e+000
6.025595860743828e-019	3.548370e-018	5.888829e+000
6.309573444802195e-019	3.715600e-018	5.888829e+000
6.606934480076236e-019	3.890711e-018	5.888829e+000
6.918309709189655e-019	4.074074e-018	5.888829e+000
7.244359600750205e-019	4.266079e-018	5.888829e+000
7.585775750292157e-019	4.467133e-018	5.888829e+000
7.943282347243149e-019	4.677663e-018	5.888829e+000
8.317637711027060e-019	4.898114e-018	5.888829e+000
8.709635899561174e-019	5.128956e-018	5.888829e+000
9.120108393559484e-019	5.370676e-018	5.888829e+000
9.549925860214764e-019	5.623788e-018	5.888829e+000
1.000000000000042e-018	5.888829e-018	5.888829e+000
1.047128548050944e-018	6.166361e-018	5.888829e+000
1.096478196143232e-018	6.456973e-018	5.888829e+000
1.148153621496932e-018	6.761280e-018	5.888829e+000
1.202264434617464e-018	7.079930e-018	5.888829e+000
1.258925411794221e-018	7.413596e-018	5.888829e+000
1.318256738556464e-018	7.762988e-018	5.888829e+000
1.380384264602944e-018	8.128847e-018	5.888829e+000
1.445439770745990e-018	8.511947e-018	5.888829e+000
1.513561248436273e-018	8.913104e-018	5.888829e+000
1.584893192461182e-018	9.333165e-018	5.888829e+000
1.659586907437632e-018	9.773023e-018	5.888829e+000
1.737800828749451e-018	1.023361e-017	5.888829e+000
1.819700858610062e-018	1.071591e-017	5.888829e+000
1.905460717963330e-018	1.122093e-017	5.888829e+000
1.995262314968966e-018	1.174976e-017	5.888829e+000
2.089296130854130e-018	1.230351e-017	5.888829e+000
2.187761623949648e-018	1.288335e-017	5.888829e+000
2.290867652767873e-018	1.349053e-017	5.888829e+000
2.398832919019595e-018	1.412632e-017	5.888829e+000
2.511886431509690e-018	1.479207e-017	5.888829e+000
2.630267991895497e-018	1.548920e-017	5.888829e+000
2.754228703338287e-018	1.621918e-017	5.888829e+000
2.884031503126733e-018	1.698357e-017	5.888829e+000
3.019951720402149e-018	1.778398e-017	5.888829e+000
3.162277660168519e-018	1.862211e-017	5.888829e+000
3.311311214826057e-018	1.949975e-017	5.888829e+000
3.467368504525470e-018	2.041874e-017	5.888829e+000
3.630780547701174e-018	2.138105e-017	5.888829e+000
3.801893963205781e-018	2.238870e-017	5.888829e+000
3.981071705535149e-018	2.344385e-017	5.888829e+000
4.168693834703540e-018	2.454873e-017	5.888829e+000
4.365158322401854e-018	2.570567e-017	5.888829e+000
4.570881896148954e-018	2.691714e-017	5.888829e+000
4.786300923226597e-018	2.818571e-017	5.888829e+000
5.011872336272947e-018	2.951406e-017	5.888829e+000
5.248074602497961e-018	3.090501e-017	5.888829e+000
5.495408738576492e-018	3.236152e-017	5.888829e+000
5.754399373371828e-018	3.388667e-017	5.888829e+000
6.025595860743849e-018	3.548370e-017	5.888829e+000
6.309573444802217e-018	3.715600e-017	5.888829e+000
6.606934480076259e-018	3.890711e-017	5.888829e+000
6.918309709189678e-018	4.074074e-017	5.888829e+000
7.244359600750229e-018	4.266079e-017	5.888829e+000
7.585775750292181e-018	4.467134e-017	5.888829e+000
7.943282347243175e-018	4.677663e-017	5.888829e+000
8.317637711027087e-018	4.898115e-017	5.888829e+000
8.709635899561202e-018	5.128956e-017	5.888829e+000
9.120108393559512e-018	5.370676e-017	5.888829e+000
9.549925860214795e-018	5.623788e-017	5.888829e+000
1.000000000000046e-017	5.888829e-017	5.888829e+000
1.047128548050947e-017	6.166361e-017	5.888829e+000
1.096478196143235e-017	6.456973e-017	5.888829e+000
1.148153621496936e-017	6.761280e-017	5.888829e+000
1.202264434617468e-017	7.079930e-017	5.888829e+000
1.258925411794225e-017	7.413596e-017	5.888829e+000
1.318256738556468e-017	7.762988e-017	5.888829e+000
1.380384264602949e-017	8.128847e-017	5.888829e+000
1.445439770745994e-017	8.511947e-017	5.888829e+000
1.513561248436278e-017	8.913103e-017	5.888829e+000
1.584893192461187e-017	9.333165e-017	5.888829e+000
1.659586907437638e-017	9.773023e-017	5.888829e+000
1.737800828749456e-017	1.023361e-016	5.888829e+000
1.819700858610068e-017	1.071591e-016	5.888829e+000
1.905460717963336e-017	1.122093e-016	5.888829e+000
1.995262314968973e-017	1.174976e-016	5.888829e+000
2.089296130854137e-017	1.230351e-016	5.888829e+000
2.187761623949655e-017	1.288335e-016	5.888829e+000
2.290867652767881e-017	1.349053e-016	5.888829e+000
2.398832919019604e-017	1.412632e-016	5.888829e+000
2.511886431509699e-017	1.479207e-016	5.888829e+000
2.630267991895506e-017	1.548920e-016	5.888829e+000
2.754228703338297e-017	1.621918e-016	5.888829e+000
2.884031503126743e-017	1.698357e-016	5.888829e+000
3.019951720402160e-017	1.778398e-016	5.888829e+000
3.162277660168530e-017	1.862211e-016	5.888829e+000
3.311311214826069e-017	1.949975e-016	5.888829e+000
3.467368504525482e-017	2.041874e-016	5.888829e+000
3.630780547701187e-017	2.138105e-016	5.888829e+000
3.801893963205794e-017	2.238870e-016	5.888829e+000
3.981071705535163e-017	2.344385e-016	5.888829e+000
4.168693834703554e-017	2.454872e-016	5.888829e+000
4.365158322401869e-017	2.570567e-016	5.888829e+000
4.570881896148969e-017	2.691714e-016	5.888829e+000
4.786300923226613e-017	2.818571e-016	5.888829e+000
5.011872336272963e-017	2.951406e-016	5.888829e+000
5.248074602497978e-017	3.090501e-016	5.888829e+000
5.495408738576510e-017	3.236152e-016	5.888829e+000
5.754399373371847e-017	3.388667e-016	5.888829e+000
6.025595860743869e-017	3.548370e-016	5.888829e+000
6.309573444802239e-017	3.715600e-016	5.888829e+000
6.606934480076281e-017	3.890711e-016	5.888829e+000
6.918309709189702e-017	4.074074e-016	5.888829e+000
7.244359600750254e-017	4.266079e-016	5.888829e+000
7.585775750292208e-017	4.467134e-016	5.888829e+000
7.943282347243203e-017	4.677663e-016	5.888829e+000
8.317637711027117e-017	4.898115e-016	5.888829e+000
8.709635899561234e-017	5.128955e-016	5.888829e+000
9.120108393559546e-017	5.370676e-016	5.888829e+000
9.549925860214830e-017	5.623788e-016	5.888829e+000
1.000000000000049e-016	5.888829e-016	5.888829e+000
1.047128548050951e-016	6.166361e-016	5.888829e+000
1.096478196143239e-016	6.456972e-016	5.888829e+000
1.148153621496940e-016	6.761280e-016	5.888829e+000
1.202264434617473e-016	7.079930e-016	5.888829e+000
1.258925411794230e-016	7.413597e-016	5.888829e+000
1.318256738556473e-016	7.762988e-016	5.888829e+000
1.380384264602954e-016	8.128847e-016	5.888829e+000
1.445439770746000e-016	8.511947e-016	5.888829e+000
1.513561248436284e-016	8.913103e-016	5.888829e+000
1.584893192461193e-016	9.333165e-016	5.888829e+000
1.659586907437644e-016	9.773024e-016	5.888829e+000
1.737800828749463e-016	1.023361e-015	5.888829e+000
1.819700858610075e-016	1.071591e-015	5.888829e+000
1.905460717963344e-016	1.122093e-015	5.888829e+000
1.995262314968981e-016	1.174976e-015	5.888829e+000
2.089296130854145e-016	1.230351e-015	5.888829e+000
2.187761623949664e-016	1.288335e-015	5.888829e+000
2.290867652767889e-016	1.349053e-015	5.888829e+000
2.398832919019613e-016	1.412632e-015	5.888829e+000
2.511886431509708e-016	1.479207e-015	5.888829e+000
2.630267991895516e-016	1.548920e-015	5.888829e+000
2.754228703338307e-016	1.621918e-015	5.888829e+000
2.884031503126754e-016	1.698357e-015	5.888829e+000
3.019951720402171e-016	1.778398e-015	5.888829e+000
3.162277660168542e-016	1.862211e-015	5.888829e+000
3.311311214826082e-016	1.949974e-015	5.888829e+000
3.467368504525496e-016	2.041874e-015	5.888829e+000
3.630780547701201e-016	2.138104e-015	5.888829e+000
3.801893963205809e-016	2.238870e-015	5.888829e+000
3.981071705535179e-016	2.344385e-015	5.888829e+000
4.168693834703571e-016	2.454872e-015	5.888829e+000
4.365158322401887e-016	2.570567e-015	5.888829e+000
4.570881896148988e-016	2.691714e-015	5.888829e+000
4.786300923226633e-016	2.818571e-015	5.888829e+000
5.011872336272985e-016	2.951406e-015	5.888829e+000
5.248074602498001e-016	3.090501e-015	5.888829e+000
5.495408738576534e-016	3.236152e-015	5.888829e+000
5.754399373371872e-016	3.388667e-015	5.888829e+000
6.025595860743895e-016	3.548370e-015	5.888829e+000
6.309573444802265e-016	3.715600e-015	5.888829e+000
6.606934480076309e-016	3.890711e-015	5.888829e+000
6.918309709189730e-016	4.074074e-015	5.888829e+000
7.244359600750284e-016	4.266079e-015	5.888829e+000
7.585775750292240e-016	4.467134e-015	5.888829e+000
7.943282347243236e-016	4.677663e-015	5.888829e+000
8.317637711027152e-016	4.898115e-015	5.888829e+000
8.709635899561269e-016	5.128956e-015	5.888829e+000
9.120108393559582e-016	5.370676e-015	5.888829e+000
9.549925860214868e-016	5.623788e-015	5.888829e+000
1.000000000000053e-015	5.888829e-015	5.888829e+000
1.047128548050955e-015	6.166361e-015	5.888829e+000
1.096478196143244e-015	6.456972e-015	5.888829e+000
1.148153621496944e-015	6.761280e-015	5.888829e+000
1.202264434617477e-015	7.079930e-015	5.888829e+000
1.258925411794235e-015	7.413597e-015	5.888829e+000
1.318256738556478e-015	7.762988e-015	5.888829e+000
1.380384264602959e-015	8.128846e-015	5.888829e+000
1.445439770746005e-015	8.511948e-015	5.888829e+000
1.513561248436290e-015	8.913103e-015	5.888829e+000
1.584893192461199e-015	9.333165e-015	5.888829e+000
1.659586907437650e-015	9.773023e-015	5.888829e+000
1.737800828749470e-015	1.023361e-014	5.888829e+000
1.819700858610082e-015	1.071591e-014	5.888829e+000
1.905460717963351e-015	1.122093e-014	5.888829e+000
1.995262314968988e-015	1.174976e-014	5.888829e+000
2.089296130854154e-015	1.230351e-014	5.888829e+000
2.187761623949672e-015	1.288335e-014	5.888829e+000
2.290867652767898e-015	1.349053e-014	5.888829e+000
2.398832919019622e-015	1.412632e-014	5.888829e+000
2.511886431509718e-015	1.479207e-014	5.888829e+000
2.630267991895526e-015	1.548920e-014	5.888829e+000
2.754228703338318e-015	1.621918e-014	5.888829e+000
2.884031503126765e-015	1.698357e-014	5.888829e+000
3.019951720402183e-015	1.778398e-014	5.888829e+000
3.162277660168554e-015	1.862211e-014	5.888829e+000
3.311311214826094e-015	1.949975e-014	5.888829e+000
3.467368504525509e-015	2.041874e-014	5.888829e+000
3.630780547701215e-015	2.138105e-014	5.888829e+000
3.801893963205823e-015	2.238870e-014	5.888829e+000
3.981071705535194e-015	2.344385e-014	5.888829e+000
4.168693834703587e-015	2.454872e-014	5.888829e+000
4.365158322401904e-015	2.570567e-014	5.888829e+000
4.570881896149006e-015	2.691714e-014	5.888829e+000
4.786300923226652e-015	2.818571e-014	5.888829e+000
5.011872336273005e-015	2.951406e-014	5.888829e+000
5.248074602498022e-015	3.090501e-014	5.888829e+000
5.495408738576556e-015	3.236152e-014	5.888829e+000
5.754399373371894e-015	3.388667e-014	5.888829e+000
6.025595860743919e-015	3.548370e-014	5.888829e+000
6.309573444802290e-015	3.715600e-014	5.888829e+000
6.606934480076335e-015	3.890711e-014	5.888829e+000
6.918309709189758e-015	4.074074e-014	5.888829e+000
7.244359600750313e-015	4.266079e-014	5.888829e+000
7.585775750292269e-015	4.467134e-014	5.888829e+000
7.943282347243267e-015	4.677663e-014	5.888829e+000
8.317637711027184e-015	4.898114e-014	5.888829e+000
8.709635899561303e-015	5.128956e-014	5.888829e+000
9.120108393559617e-015	5.370676e-014	5.888829e+000
9.549925860214905e-015	5.623788e-014	5.888829e+000
1.000000000000057e-014	5.888829e-014	5.888829e+000
1.047128548050959e-014	6.166361e-014	5.888829e+000
1.096478196143248e-014	6.456973e-014	5.888829e+000
1.148153621496948e-014	6.761280e-014	5.888829e+000
1.202264434617482e-014	7.079930e-014	5.888829e+000
1.258925411794239e-014	7.413596e-014	5.888829e+000
1.318256738556483e-014	7.762989e-014	5.888829e+000
1.380384264602964e-014	8.128846e-014	5.888829e+000
1.445439770746011e-014	8.511947e-014	5.888829e+000
1.513561248436295e-014	8.913103e-014	5.888829e+000
1.584893192461205e-014	9.333165e-014	5.888829e+000
1.659586907437657e-014	9.773023e-014	5.888829e+000
1.737800828749476e-014	1.023361e-013	5.888829e+000
1.819700858610089e-014	1.071591e-013	5.888829e+000
1.905460717963358e-014	1.122093e-013	5.888829e+000
1.995262314968996e-014	1.174976e-013	5.888829e+000
2.089296130854161e-014	1.230351e-013	5.888829e+000
2.187761623949680e-014	1.288335e-013	5.888829e+000
2.290867652767906e-014	1.349053e-013	5.888829e+000
2.398832919019630e-014	1.412632e-013	5.888829e+000
2.511886431509727e-014	1.479207e-013	5.888829e+000
2.630267991895536e-014	1.548920e-013	5.888829e+000
2.754228703338328e-014	1.621918e-013	5.888829e+000
2.884031503126775e-014	1.698357e-013	5.888829e+000
3.019951720402193e-014	1.778398e-013	5.888829e+000
3.162277660168565e-014	1.862211e-013	5.888829e+000
3.311311214826105e-014	1.949974e-013	5.888829e+000
3.467368504525520e-014	2.041874e-013	5.888829e+000
3.630780547701227e-014	2.138105e-013	5.888829e+000
3.801893963205836e-014	2.238870e-013	5.888829e+000
3.981071705535207e-014	2.344385e-013	5.888829e+000
4.168693834703600e-014	2.454873e-013	5.888829e+000
4.365158322401918e-014	2.570567e-013	5.888829e+000
4.570881896149022e-014	2.691714e-013	5.888829e+000
4.786300923226668e-014	2.818571e-013	5.888829e+000
5.011872336273021e-014	2.951406e-013	5.888829e+000
5.248074602498038e-014	3.090501e-013	5.888829e+000
5.495408738576572e-014	3.236152e-013	5.888829e+000
5.754399373371912e-014	3.388667e-013	5.888829e+000
6.025595860743936e-014	3.548370e-013	5.888829e+000
6.309573444802309e-014	3.715600e-013	5.888829e+000
6.606934480076355e-014	3.890711e-013	5.888829e+000
6.918309709189778e-014	4.074074e-013	5.888829e+000
7.244359600750334e-014	4.266079e-013	5.888829e+000
7.585775750292292e-014	4.467134e-013	5.888829e+000
7.943282347243292e-014	4.677663e-013	5.888829e+000
8.317637711027210e-014	4.898115e-013	5.888829e+000
8.709635899561330e-014	5.128956e-013	5.888829e+000
9.120108393559646e-014	5.370676e-013	5.888829e+000
9.549925860214935e-014	5.623788e-013	5.888829e+000
1.000000000000060e-013	5.888829e-013	5.888829e+000
1.047128548050963e-013	6.166361e-013	5.888829e+000
1.096478196143251e-013	6.456973e-013	5.888829e+000
1.148153621496952e-013	6.761280e-013	5.888829e+000
1.202264434617486e-013	7.079930e-013	5.888829e+000
1.258925411794244e-013	7.413596e-013	5.888829e+000
1.318256738556487e-013	7.762988e-013	5.888829e+000
1.380384264602969e-013	8.128847e-013	5.888829e+000
1.445439770746016e-013	8.511948e-013	5.888829e+000
1.513561248436301e-013	8.913103e-013	5.888829e+000
1.584893192461210e-013	9.333165e-013	5.888829e+000
1.659586907437662e-013	9.773023e-013	5.888829e+000
1.737800828749482e-013	1.023361e-012	5.888829e+000
1.819700858610095e-013	1.071591e-012	5.888829e+000
1.905460717963364e-013	1.122093e-012	5.888829e+000
1.995262314969002e-013	1.174976e-012	5.888829e+000
2.089296130854168e-013	1.230351e-012	5.888829e+000
2.187761623949687e-013	1.288335e-012	5.888829e+000
2.290867652767914e-013	1.349053e-012	5.888829e+000
2.398832919019639e-013	1.412632e-012	5.888829e+000
2.511886431509736e-013	1.479207e-012	5.888829e+000
2.630267991895545e-013	1.548920e-012	5.888829e+000
2.754228703338337e-013	1.621918e-012	5.888829e+000
2.884031503126785e-013	1.698357e-012	5.888829e+000
3.019951720402204e-013	1.778398e-012	5.888829e+000
3.162277660168576e-013	1.862211e-012	5.888829e+000
3.311311214826117e-013	1.949974e-012	5.888829e+000
3.467368504525532e-013	2.041874e-012	5.888829e+000
3.630780547701239e-013	2.138105e-012	5.888829e+000
3.801893963205849e-013	2.238870e-012	5.888829e+000
3.981071705535221e-013	2.344385e-012	5.888829e+000
4.168693834703614e-013	2.454872e-012	5.888829e+000
4.365158322401933e-013	2.570567e-012	5.888829e+000
4.570881896149036e-013	2.691714e-012	5.888829e+000
4.786300923226684e-013	2.818571e-012	5.888829e+000
5.011872336273038e-013	2.951406e-012	5.888829e+000
5.248074602498056e-013	3.090501e-012	5.888829e+000
5.495408738576591e-013	3.236152e-012	5.888829e+000
5.754399373371932e-013	3.388667e-012	5.888829e+000
6.025595860743958e-013	3.548370e-012	5.888829e+000
6.309573444802331e-013	3.715600e-012	5.888829e+000
6.606934480076378e-013	3.890711e-012	5.888829e+000
6.918309709189803e-013	4.074074e-012	5.888829e+000
7.244359600750360e-013	4.266079e-012	5.888829e+000
7.585775750292319e-013	4.467134e-012	5.888829e+000
7.943282347243319e-013	4.677663e-012	5.888829e+000
8.317637711027238e-013	4.898114e-012	5.888829e+000
8.709635899561360e-013	5.128955e-012	5.888829e+000
9.120108393559679e-013	5.370676e-012	5.888829e+000
9.549925860214969e-013	5.623788e-012	5.888829e+000
1.000000000000064e-012	5.888829e-012	5.888829e+000
1.047128548050966e-012	6.166361e-012	5.888829e+000
1.096478196143255e-012	6.456973e-012	5.888829e+000
1.148153621496956e-012	6.761280e-012	5.888829e+000
1.202264434617490e-012	7.079930e-012	5.888829e+000
1.258925411794248e-012	7.413597e-012	5.888829e+000
1.318256738556491e-012	7.762988e-012	5.888829e+000
1.380384264602973e-012	8.128847e-012	5.888829e+000
1.445439770746020e-012	8.511947e-012	5.888829e+000
1.513561248436305e-012	8.913103e-012	5.888829e+000
1.584893192461215e-012	9.333164e-012	5.888829e+000
1.659586907437667e-012	9.773024e-012	5.888829e+000
1.737800828749487e-012	1.023361e-011	5.888829e+000
1.819700858610101e-012	1.071591e-011	5.888829e+000
1.905460717963370e-012	1.122093e-011	5.888829e+000
1.995262314969009e-012	1.174976e-011	5.888829e+000
2.089296130854175e-012	1.230351e-011	5.888829e+000
2.187761623949695e-012	1.288335e-011	5.888829e+000
2.290867652767922e-012	1.349053e-011	5.888829e+000
2.398832919019647e-012	1.412632e-011	5.888829e+000
2.511886431509744e-012	1.479207e-011	5.888829e+000
2.630267991895554e-012	1.548920e-011	5.888829e+000
2.754228703338346e-012	1.621918e-011	5.888829e+000
2.884031503126795e-012	1.698357e-011	5.888829e+000
3.019951720402214e-012	1.778398e-011	5.888829e+000
3.162277660168587e-012	1.862211e-011	5.888829e+000
3.311311214826128e-012	1.949975e-011	5.888829e+000
3.467368504525544e-012	2.041874e-011	5.888829e+000
3.630780547701253e-012	2.138105e-011	5.888829e+000
3.801893963205863e-012	2.238870e-011	5.888829e+000
3.981071705535235e-012	2.344385e-011	5.888829e+000
4.168693834703630e-012	2.454872e-011	5.888829e+000
4.365158322401949e-012	2.570567e-011	5.888829e+000
4.570881896149053e-012	2.691714e-011	5.888829e+000
4.786300923226701e-012	2.818571e-011	5.888829e+000
5.011872336273056e-012	2.951406e-011	5.888829e+000
5.248074602498075e-012	3.090501e-011	5.888829e+000
5.495408738576611e-012	3.236152e-011	5.888829e+000
5.754399373371953e-012	3.388667e-011	5.888829e+000
6.025595860743980e-012	3.548370e-011	5.888829e+000
6.309573444802354e-012	3.715600e-011	5.888829e+000
6.606934480076402e-012	3.890711e-011	5.888829e+000
6.918309709189828e-012	4.074074e-011	5.888829e+000
7.244359600750386e-012	4.266080e-011	5.888829e+000
7.585775750292346e-012	4.467134e-011	5.888829e+000
7.943282347243348e-012	4.677663e-011	5.888829e+000
8.317637711027269e-012	4.898115e-011	5.888829e+000
8.709635899561392e-012	5.128956e-011	5.888829e+000
9.120108393559712e-012	5.370676e-011	5.888829e+000
9.549925860215003e-012	5.623788e-011	5.888829e+000
1.000000000000068e-011	5.888829e-011	5.888829e+000
1.047128548050970e-011	6.166361e-011	5.888829e+000
1.096478196143259e-011	6.456972e-011	5.888829e+000
1.148153621496961e-011	6.761280e-011	5.888829e+000
1.202264434617495e-011	7.079930e-011	5.888829e+000
1.258925411794253e-011	7.413596e-011	5.888829e+000
1.318256738556497e-011	7.762988e-011	5.888829e+000
1.380384264602979e-011	8.128847e-011	5.888829e+000
1.445439770746026e-011	8.511947e-011	5.888829e+000
1.513561248436311e-011	8.913103e-011	5.888829e+000
1.584893192461222e-011	9.333165e-011	5.888829e+000
1.659586907437674e-011	9.773023e-011	5.888829e+000
1.737800828749494e-011	1.023361e-010	5.888829e+000
1.819700858610108e-011	1.071591e-010	5.888829e+000
1.905460717963378e-011	1.122093e-010	5.888829e+000
1.995262314969017e-011	1.174976e-010	5.888829e+000
2.089296130854183e-011	1.230351e-010	5.888829e+000
2.187761623949703e-011	1.288335e-010	5.888829e+000
2.290867652767931e-011	1.349053e-010	5.888829e+000
2.398832919019656e-011	1.412632e-010	5.888829e+000
2.511886431509754e-011	1.479207e-010	5.888829e+000
2.630267991895564e-011	1.548920e-010	5.888829e+000
2.754228703338357e-011	1.621918e-010	5.888829e+000
2.884031503126806e-011	1.698357e-010	5.888829e+000
3.019951720402225e-011	1.778398e-010	5.888829e+000
3.162277660168599e-011	1.862211e-010	5.888829e+000
3.311311214826141e-011	1.949974e-010	5.888829e+000
3.467368504525557e-011	2.041874e-010	5.888829e+000
3.630780547701266e-011	2.138105e-010	5.888829e+000
3.801893963205876e-011	2.238870e-010	5.888829e+000
3.981071705535250e-011	2.344385e-010	5.888829e+000
4.168693834703645e-011	2.454872e-010	5.888829e+000
4.365158322401965e-011	2.570567e-010	5.888829e+000
4.570881896149070e-011	2.691714e-010	5.888829e+000
4.786300923226718e-011	2.818571e-010	5.888829e+000
5.011872336273074e-011	2.951406e-010	5.888829e+000
5.248074602498093e-011	3.090501e-010	5.888829e+000
5.495408738576631e-011	3.236152e-010	5.888829e+000
5.754399373371973e-011	3.388667e-010	5.888829e+000
6.025595860744001e-011	3.548370e-010	5.888829e+000
6.309573444802375e-011	3.715600e-010	5.888829e+000
6.606934480076425e-011	3.890711e-010	5.888829e+000
6.918309709189851e-011	4.074074e-010	5.888829e+000
7.244359600750410e-011	4.266079e-010	5.888829e+000
7.585775750292372e-011	4.467134e-010	5.888829e+000
7.943282347243375e-011	4.677663e-010	5.888829e+000
8.317637711027297e-011	4.898115e-010	5.888829e+000
8.709635899561422e-011	5.128956e-010	5.888829e+000
9.120108393559744e-011	5.370676e-010	5.888829e+000
9.549925860215037e-011	5.623788e-010	5.888829e+000
1.000000000000071e-010	5.888829e-010	5.888829e+000
1.047128548050974e-010	6.166361e-010	5.888829e+000
1.096478196143263e-010	6.456973e-010	5.888829e+000
1.148153621496965e-010	6.761280e-010	5.888829e+000
1.202264434617499e-010	7.079929e-010	5.888829e+000
1.258925411794257e-010	7.413596e-010	5.888829e+000
1.318256738556501e-010	7.762989e-010	5.888829e+000
1.380384264602983e-010	8.128846e-010	5.888829e+000
1.445439770746031e-010	8.511947e-010	5.888829e+000
1.513561248436316e-010	8.913103e-010	5.888829e+000
1.584893192461227e-010	9.333165e-010	5.888829e+000
1.659586907437679e-010	9.773024e-010	5.888829e+000
1.737800828749500e-010	1.023361e-009	5.888829e+000
1.819700858610114e-010	1.071591e-009	5.888829e+000
1.905460717963384e-010	1.122093e-009	5.888829e+000
1.995262314969023e-010	1.174976e-009	5.888829e+000
2.089296130854189e-010	1.230351e-009	5.888829e+000
2.187761623949710e-010	1.288335e-009	5.888829e+000
2.290867652767938e-010	1.349053e-009	5.888829e+000
2.398832919019663e-010	1.412632e-009	5.888829e+000
2.511886431509761e-010	1.479207e-009	5.888829e+000
2.630267991895572e-010	1.548920e-009	5.888829e+000
2.754228703338365e-010	1.621918e-009	5.888829e+000
2.884031503126814e-010	1.698357e-009	5.888829e+000
3.019951720402235e-010	1.778398e-009	5.888829e+000
3.162277660168609e-010	1.862211e-009	5.888829e+000
3.311311214826151e-010	1.949975e-009	5.888829e+000
3.467368504525568e-010	2.041874e-009	5.888829e+000
3.630780547701278e-010	2.138105e-009	5.888829e+000
3.801893963205889e-010	2.238870e-009	5.888829e+000
3.981071705535263e-010	2.344385e-009	5.888829e+000
4.168693834703658e-010	2.454873e-009	5.888829e+000
4.365158322401978e-010	2.570567e-009	5.888829e+000
4.570881896149084e-010	2.691714e-009	5.888829e+000
4.786300923226733e-010	2.818571e-009	5.888829e+000
5.011872336273090e-010	2.951406e-009	5.888829e+000
5.248074602498111e-010	3.090501e-009	5.888829e+000
5.495408738576648e-010	3.236152e-009	5.888829e+000
5.754399373371992e-010	3.388667e-009	5.888829e+000
6.025595860744020e-010	3.548370e-009	5.888829e+000
6.309573444802396e-010	3.715600e-009	5.888829e+000
6.606934480076446e-010	3.890711e-009	5.888829e+000
6.918309709189874e-010	4.074074e-009	5.888829e+000
7.244359600750434e-010	4.266079e-009	5.888829e+000
7.585775750292396e-010	4.467133e-009	5.888829e+000
7.943282347243401e-010	4.677663e-009	5.888829e+000
8.317637711027324e-010	4.898114e-009	5.888829e+000
8.709635899561450e-010	5.128955e-009	5.888829e+000
9.120108393559772e-010	5.370676e-009	5.888829e+000
9.549925860215067e-010	5.623788e-009	5.888829e+000
1.000000000000074e-009	5.888829e-009	5.888829e+000
1.047128548050977e-009	6.166361e-009	5.888829e+000
1.096478196143266e-009	6.456972e-009	5.888829e+000
1.148153621496968e-009	6.761280e-009	5.888829e+000
1.202264434617502e-009	7.079930e-009	5.888829e+000
1.258925411794261e-009	7.413596e-009	5.888829e+000
1.318256738556505e-009	7.762988e-009	5.888829e+000
1.380384264602988e-009	8.128847e-009	5.888829e+000
1.445439770746036e-009	8.511948e-009	5.888829e+000
1.513561248436321e-009	8.913103e-009	5.888829e+000
1.584893192461232e-009	9.333164e-009	5.888829e+000
1.659586907437685e-009	9.773023e-009	5.888829e+000
1.737800828749506e-009	1.023361e-008	5.888829e+000
1.819700858610120e-009	1.071591e-008	5.888829e+000
1.905460717963390e-009	1.122093e-008	5.888829e+000
1.995262314969030e-009	1.174976e-008	5.888829e+000
2.089296130854197e-009	1.230351e-008	5.888829e+000
2.187761623949718e-009	1.288335e-008	5.888829e+000
2.290867652767946e-009	1.349053e-008	5.888829e+000
2.398832919019672e-009	1.412632e-008	5.888829e+000
2.511886431509770e-009	1.479207e-008	5.888829e+000
2.630267991895581e-009	1.548920e-008	5.888829e+000
2.754228703338375e-009	1.621918e-008	5.888829e+000
2.884031503126825e-009	1.698357e-008	5.888829e+000
3.019951720402245e-009	1.778398e-008	5.888829e+000
3.162277660168619e-009	1.862211e-008	5.888829e+000
3.311311214826163e-009	1.949975e-008	5.888829e+000
3.467368504525580e-009	2.041874e-008	5.888829e+000
3.630780547701290e-009	2.138105e-008	5.888829e+000
3.801893963205901e-009	2.238870e-008	5.888829e+000
3.981071705535276e-009	2.344385e-008	5.888829e+000
4.168693834703672e-009	2.454872e-008	5.888829e+000
4.365158322401993e-009	2.570567e-008	5.888829e+000
4.570881896149100e-009	2.691714e-008	5.888829e+000
4.786300923226750e-009	2.818571e-008	5.888829e+000
5.011872336273107e-009	2.951406e-008	5.888829e+000
5.248074602498128e-009	3.090501e-008	5.888829e+000
5.495408738576667e-009	3.236152e-008	5.888829e+000
5.754399373372011e-009	3.388667e-008	5.888829e+000
6.025595860744040e-009	3.548370e-008	5.888829e+000
6.309573444802418e-009	3.715600e-008	5.888829e+000
6.606934480076469e-009	3.890711e-008	5.888829e+000
6.918309709189898e-009	4.074074e-008	5.888829e+000
7.244359600750460e-009	4.266079e-008	5.888829e+000
7.585775750292423e-009	4.467134e-008	5.888829e+000
7.943282347243429e-009	4.677663e-008	5.888829e+000
8.317637711027354e-009	4.898115e-008	5.888829e+000
8.709635899561481e-009	5.128955e-008	5.888829e+000
9.120108393559805e-009	5.370676e-008	5.888829e+000
9.549925860215101e-009	5.623788e-008	5.888829e+000
1.000000000000078e-008	5.888829e-008	5.888829e+000
1.047128548050981e-008	6.166361e-008	5.888829e+000
1.096478196143270e-008	6.456973e-008	5.888829e+000
1.148153621496972e-008	6.761280e-008	5.888829e+000
1.202264434617507e-008	7.079930e-008	5.888829e+000
1.258925411794266e-008	7.413596e-008	5.888829e+000
1.318256738556510e-008	7.762988e-008	5.888829e+000
1.380384264602993e-008	8.128847e-008	5.888829e+000
1.445439770746041e-008	8.511947e-008	5.888829e+000
1.513561248436327e-008	8.913103e-008	5.888829e+000
1.584893192461238e-008	9.333165e-008	5.888829e+000
1.659586907437691e-008	9.773024e-008	5.888829e+000
1.737800828749512e-008	1.023361e-007	5.888829e+000
1.819700858610127e-008	1.071591e-007	5.888829e+000
1.905460717963397e-008	1.122093e-007	5.888829e+000
1.995262314969037e-008	1.174976e-007	5.888829e+000
2.089296130854204e-008	1.230351e-007	5.888829e+000
2.187761623949725e-008	1.288335e-007	5.888829e+000
2.290867652767954e-008	1.349053e-007	5.888829e+000
2.398832919019680e-008	1.412632e-007	5.888829e+000
2.511886431509779e-008	1.479207e-007	5.888829e+000
2.630267991895590e-008	1.548920e-007	5.888829e+000
2.754228703338384e-008	1.621918e-007	5.888829e+000
2.884031503126834e-008	1.698357e-007	5.888829e+000
3.019951720402256e-008	1.778398e-007	5.888829e+000
3.162277660168631e-008	1.862211e-007	5.888829e+000
3.311311214826175e-008	1.949975e-007	5.888829e+000
3.467368504525592e-008	2.041874e-007	5.888829e+000
3.630780547701303e-008	2.138105e-007	5.888829e+000
3.801893963205915e-008	2.238870e-007	5.888829e+000
3.981071705535290e-008	2.344385e-007	5.888829e+000
4.168693834703686e-008	2.454873e-007	5.888829e+000
4.365158322402008e-008	2.570567e-007	5.888829e+000
4.570881896149115e-008	2.691714e-007	5.888829e+000
4.786300923226766e-008	2.818571e-007	5.888829e+000
5.011872336273124e-008	2.951406e-007	5.888829e+000
5.248074602498147e-008	3.090501e-007	5.888829e+000
5.495408738576686e-008	3.236152e-007	5.888829e+000
5.754399373372031e-008	3.388667e-007	5.888829e+000
6.025595860744061e-008	3.548370e-007	5.888829e+000
6.309573444802439e-008	3.715600e-007	5.888829e+000
6.606934480076491e-008	3.890711e-007	5.888829e+000
6.918309709189921e-008	4.074074e-007	5.888829e+000
7.244359600750483e-008	4.266080e-007	5.888829e+000
7.585775750292448e-008	4.467134e-007	5.888829e+000
7.943282347243455e-008	4.677663e-007	5.888829e+000
8.317637711027380e-008	4.898114e-007	5.888829e+000
8.709635899561509e-008	5.128956e-007	5.888829e+000
9.120108393559834e-008	5.370676e-007	5.888829e+000
9.549925860215131e-008	5.623788e-007	5.888829e+000
1.000000000000081e-007	5.888829e-007	5.888829e+000
1.047128548050984e-007	6.166361e-007	5.888829e+000
1.096478196143274e-007	6.456972e-007	5.888829e+000
1.148153621496976e-007	6.761280e-007	5.888829e+000
1.202264434617510e-007	7.079930e-007	5.888829e+000
1.258925411794269e-007	7.413597e-007	5.888829e+000
1.318256738556514e-007	7.762989e-007	5.888829e+000
1.380384264602997e-007	8.128847e-007	5.888829e+000
1.445439770746045e-007	8.511947e-007	5.888829e+000
1.513561248436331e-007	8.913103e-007	5.888829e+000
1.584893192461243e-007	9.333165e-007	5.888829e+000
1.659586907437696e-007	9.773023e-007	5.888829e+000
1.737800828749517e-007	1.023361e-006	5.888829e+000
1.819700858610132e-007	1.071591e-006	5.888829e+000
1.905460717963403e-007	1.122093e-006	5.888829e+000
1.995262314969043e-007	1.174976e-006	5.888829e+000
2.089296130854210e-007	1.230351e-006	5.888829e+000
2.187761623949732e-007	1.288335e-006	5.888829e+000
2.290867652767961e-007	1.349053e-006	5.888829e+000
2.398832919019687e-007	1.412632e-006	5.888829e+000
2.511886431509787e-007	1.479207e-006	5.888829e+000
2.630267991895599e-007	1.548920e-006	5.888829e+000
2.754228703338393e-007	1.621918e-006	5.888829e+000
2.884031503126844e-007	1.698357e-006	5.888829e+000
3.019951720402265e-007	1.778398e-006	5.888829e+000
3.162277660168641e-007	1.862211e-006	5.888829e+000
3.311311214826185e-007	1.949975e-006	5.888829e+000
3.467368504525603e-007	2.041874e-006	5.888829e+000
3.630780547701314e-007	2.138104e-006	5.888829e+000
3.801893963205928e-007	2.238870e-006	5.888829e+000
3.981071705535303e-007	2.344385e-006	5.888829e+000
4.168693834703701e-007	2.454872e-006	5.888829e+000
4.365158322402023e-007	2.570567e-006	5.888829e+000
4.570881896149131e-007	2.691714e-006	5.888829e+000
4.786300923226782e-007	2.818571e-006	5.888829e+000
5.011872336273141e-007	2.951406e-006	5.888829e+000
5.248074602498164e-007	3.090501e-006	5.888829e+000
5.495408738576704e-007	3.236152e-006	5.888829e+000
5.754399373372050e-007	3.388667e-006	5.888829e+000
6.025595860744081e-007	3.548370e-006	5.888829e+000
6.309573444802460e-007	3.715600e-006	5.888829e+000
6.606934480076513e-007	3.890711e-006	5.888829e+000
6.918309709189944e-007	4.074074e-006	5.888829e+000
7.244359600750508e-007	4.266079e-006	5.888829e+000
7.585775750292474e-007	4.467134e-006	5.888829e+000
7.943282347243482e-007	4.677663e-006	5.888829e+000
8.317637711027409e-007	4.898115e-006	5.888829e+000
8.709635899561538e-007	5.128956e-006	5.888829e+000
9.120108393559864e-007	5.370676e-006	5.888829e+000
9.549925860215163e-007	5.623788e-006	5.888829e+000
1.000000000000084e-006	5.888829e-006	5.888829e+000
1.047128548050988e-006	6.166361e-006	5.888829e+000
1.096478196143278e-006	6.456973e-006	5.888829e+000
1.148153621496980e-006	6.761280e-006	5.888829e+000
1.202264434617515e-006	7.079930e-006	5.888829e+000
1.258925411794274e-006	7.413596e-006	5.888829e+000
1.318256738556519e-006	7.762988e-006	5.888829e+000
1.380384264603002e-006	8.128847e-006	5.888829e+000
1.445439770746051e-006	8.511947e-006	5.888829e+000
1.513561248436337e-006	8.913104e-006	5.888829e+000
1.584893192461249e-006	9.333165e-006	5.888829e+000
1.659586907437702e-006	9.773024e-006	5.888829e+000
1.737800828749524e-006	1.023361e-005	5.888829e+000
1.819700858610139e-006	1.071591e-005	5.888829e+000
1.905460717963410e-006	1.122093e-005	5.888829e+000
1.995262314969051e-006	1.174976e-005	5.888829e+000
2.089296130854219e-006	1.230351e-005	5.888829e+000
2.187761623949741e-006	1.288335e-005	5.888829e+000
2.290867652767970e-006	1.349053e-005	5.888829e+000
2.398832919019697e-006	1.412632e-005	5.888829e+000
2.511886431509796e-006	1.479207e-005	5.888829e+000
2.630267991895608e-006	1.548920e-005	5.888829e+000
2.754228703338404e-006	1.621918e-005	5.888829e+000
2.884031503126855e-006	1.698357e-005	5.888829e+000
3.019951720402277e-006	1.778398e-005	5.888829e+000
3.162277660168652e-006	1.862211e-005	5.888829e+000
3.311311214826197e-006	1.949974e-005	5.888829e+000
3.467368504525616e-006	2.041874e-005	5.888829e+000
3.630780547701328e-006	2.138105e-005	5.888829e+000
3.801893963205941e-006	2.238870e-005	5.888829e+000
3.981071705535317e-006	2.344385e-005	5.888829e+000
4.168693834703716e-006	2.454872e-005	5.888829e+000
4.365158322402039e-006	2.570567e-005	5.888829e+000
4.570881896149147e-006	2.691714e-005	5.888829e+000
4.786300923226799e-006	2.818571e-005	5.888829e+000
5.011872336273159e-006	2.951406e-005	5.888829e+000
5.248074602498183e-006	3.090501e-005	5.888829e+000
5.495408738576725e-006	3.236152e-005	5.888829e+000
5.754399373372072e-006	3.388667e-005	5.888829e+000
6.025595860744104e-006	3.548370e-005	5.888829e+000
6.309573444802484e-006	3.715600e-005	5.888829e+000
6.606934480076539e-006	3.890711e-005	5.888829e+000
6.918309709189972e-006	4.074074e-005	5.888829e+000
7.244359600750537e-006	4.266079e-005	5.888829e+000
7.585775750292505e-006	4.467133e-005	5.888829e+000
7.943282347243515e-006	4.677663e-005	5.888829e+000
8.317637711027443e-006	4.898115e-005	5.888829e+000
8.709635899561575e-006	5.128956e-005	5.888829e+000
9.120108393559903e-006	5.370676e-005	5.888829e+000
9.549925860215204e-006	5.623788e-005	5.888829e+000
1.000000000000089e-005	5.888829e-005	5.888829e+000
1.047128548050992e-005	6.166361e-005	5.888829e+000
1.096478196143282e-005	6.456972e-005	5.888829e+000
1.148153621496985e-005	6.761280e-005	5.888829e+000
1.202264434617520e-005	7.079929e-005	5.888829e+000
1.258925411794279e-005	7.413596e-005	5.888829e+000
1.318256738556524e-005	7.762988e-005	5.888829e+000
1.380384264603008e-005	8.128847e-005	5.888829e+000
1.445439770746056e-005	8.511948e-005	5.888829e+000
1.513561248436343e-005	8.913103e-005	5.888829e+000
1.584893192461255e-005	9.333165e-005	5.888829e+000
1.659586907437709e-005	9.773023e-005	5.888829e+000
1.737800828749531e-005	1.023361e-004	5.888829e+000
1.819700858610146e-005	1.071591e-004	5.888829e+000
1.905460717963418e-005	1.122093e-004	5.888829e+000
1.995262314969058e-005	1.174976e-004	5.888829e+000
2.089296130854227e-005	1.230351e-004	5.888829e+000
2.187761623949749e-005	1.288335e-004	5.888829e+000
2.290867652767979e-005	1.349053e-004	5.888829e+000
2.398832919019706e-005	1.412632e-004	5.888829e+000
2.511886431509806e-005	1.479207e-004	5.888829e+000
2.630267991895619e-005	1.548920e-004	5.888829e+000
2.754228703338414e-005	1.621918e-004	5.888829e+000
2.884031503126866e-005	1.698357e-004	5.888829e+000
3.019951720402289e-005	1.778398e-004	5.888829e+000
3.162277660168665e-005	1.862211e-004	5.888829e+000
3.311311214826210e-005	1.949975e-004	5.888829e+000
3.467368504525630e-005	2.041874e-004	5.888829e+000
3.630780547701342e-005	2.138105e-004	5.888829e+000
3.801893963205957e-005	2.238870e-004	5.888829e+000
3.981071705535333e-005	2.344385e-004	5.888829e+000
4.168693834703732e-005	2.454873e-004	5.888829e+000
4.365158322402056e-005	2.570567e-004	5.888829e+000
4.570881896149166e-005	2.691714e-004	5.888829e+000
4.786300923226819e-005	2.818571e-004	5.888829e+000
5.011872336273179e-005	2.951406e-004	5.888829e+000
5.248074602498204e-005	3.090501e-004	5.888829e+000
5.495408738576747e-005	3.236152e-004	5.888829e+000
5.754399373372095e-005	3.388667e-004	5.888829e+000
6.025595860744128e-005	3.548370e-004	5.888829e+000
6.309573444802509e-005	3.715600e-004	5.888829e+000
6.606934480076565e-005	3.890711e-004	5.888829e+000
6.918309709190000e-005	4.074074e-004	5.888829e+000
7.244359600750566e-005	4.266079e-004	5.888829e+000
7.585775750292535e-005	4.467134e-004	5.888829e+000
7.943282347243546e-005	4.677663e-004	5.888829e+000
8.317637711027476e-005	4.898115e-004	5.888829e+000
8.709635899561609e-005	5.128956e-004	5.888829e+000
9.120108393559939e-005	5.370676e-004	5.888829e+000
9.549925860215242e-005	5.623788e-004	5.888829e+000
1.000000000000093e-004	5.888829e-004	5.888829e+000
1.047128548050996e-004	6.166361e-004	5.888829e+000
1.096478196143287e-004	6.456972e-004	5.888829e+000
1.148153621496989e-004	6.761280e-004	5.888829e+000
1.202264434617525e-004	7.079929e-004	5.888829e+000
1.258925411794284e-004	7.413597e-004	5.888829e+000
1.318256738556530e-004	7.762988e-004	5.888829e+000
1.380384264603013e-004	8.128847e-004	5.888829e+000
1.445439770746062e-004	8.511947e-004	5.888829e+000
1.513561248436349e-004	8.913103e-004	5.888829e+000
1.584893192461261e-004	9.333165e-004	5.888829e+000
1.659586907437715e-004	9.773023e-004	5.888829e+000
1.737800828749537e-004	1.023361e-003	5.888829e+000
1.819700858610153e-004	1.071591e-003	5.888829e+000
1.905460717963425e-004	1.122093e-003	5.888829e+000
1.995262314969066e-004	1.174976e-003	5.888829e+000
2.089296130854235e-004	1.230351e-003	5.888829e+000
2.187761623949758e-004	1.288335e-003	5.888829e+000
2.290867652767988e-004	1.349053e-003	5.888829e+000
2.398832919019715e-004	1.412632e-003	5.888829e+000
2.511886431509816e-004	1.479207e-003	5.888829e+000
2.630267991895629e-004	1.548920e-003	5.888829e+000
2.754228703338425e-004	1.621918e-003	5.888829e+000
2.884031503126877e-004	1.698357e-003	5.888829e+000
3.019951720402300e-004	1.778398e-003	5.888829e+000
3.162277660168677e-004	1.862211e-003	5.888829e+000
3.311311214826223e-004	1.949974e-003	5.888829e+000
3.467368504525643e-004	2.041874e-003	5.888829e+000
3.630780547701356e-004	2.138105e-003	5.888829e+000
3.801893963205971e-004	2.238870e-003	5.888829e+000
3.981071705535349e-004	2.344385e-003	5.888829e+000
4.168693834703749e-004	2.454872e-003	5.888829e+000
4.365158322402073e-004	2.570567e-003	5.888829e+000
4.570881896149184e-004	2.691714e-003	5.888829e+000
4.786300923226838e-004	2.818571e-003	5.888829e+000
5.011872336273199e-004	2.951406e-003	5.888829e+000
5.248074602498225e-004	3.090501e-003	5.888829e+000
5.495408738576768e-004	3.236152e-003	5.888829e+000
5.754399373372117e-004	3.388667e-003	5.888829e+000
6.025595860744151e-004	3.548370e-003	5.888829e+000
6.309573444802534e-004	3.715600e-003	5.888829e+000
6.606934480076590e-004	3.890711e-003	5.888829e+000
6.918309709190026e-004	4.074074e-003	5.888829e+000
7.244359600750593e-004	4.266080e-003	5.888829e+000
7.585775750292564e-004	4.467133e-003	5.888829e+000
7.943282347243576e-004	4.677663e-003	5.888829e+000
8.317637711027508e-004	4.898115e-003	5.888829e+000
8.709635899561642e-004	5.128955e-003	5.888829e+000
9.120108393559974e-004	5.370676e-003	5.888829e+000
9.549925860215277e-004	5.623788e-003	5.888829e+000
1.000000000000096e-003	5.888829e-003	5.888829e+000
1.047128548051000e-003	6.166361e-003	5.888829e+000
1.096478196143291e-003	6.456973e-003	5.888829e+000
1.148153621496993e-003	6.761280e-003	5.888829e+000
1.202264434617529e-003	7.079930e-003	5.888829e+000
1.258925411794289e-003	7.413596e-003	5.888829e+000
1.318256738556534e-003	7.762988e-003	5.888829e+000
1.380384264603018e-003	8.128847e-003	5.888829e+000
1.445439770746067e-003	8.511947e-003	5.888829e+000
1.513561248436355e-003	8.913103e-003	5.888829e+000
1.584893192461267e-003	9.333164e-003	5.888829e+000
1.659586907437721e-003	9.773023e-003	5.888829e+000
1.737800828749544e-003	1.023361e-002	5.888829e+000
1.819700858610160e-003	1.071591e-002	5.888829e+000
1.905460717963432e-003	1.122093e-002	5.888829e+000
1.995262314969074e-003	1.174976e-002	5.888829e+000
2.089296130854243e-003	1.230351e-002	5.888829e+000
2.187761623949766e-003	1.288335e-002	5.888829e+000
2.290867652767997e-003	1.349053e-002	5.888829e+000
2.398832919019725e-003	1.412632e-002	5.888829e+000
2.511886431509825e-003	1.479207e-002	5.888829e+000
2.630267991895639e-003	1.548920e-002	5.888829e+000
2.754228703338436e-003	1.621918e-002	5.888829e+000
2.884031503126888e-003	1.698357e-002	5.888829e+000
3.019951720402312e-003	1.778398e-002	5.888829e+000
3.162277660168689e-003	1.862211e-002	5.888829e+000
3.311311214826235e-003	1.949975e-002	5.888829e+000
3.467368504525656e-003	2.041874e-002	5.888829e+000
3.630780547701370e-003	2.138104e-002	5.888829e+000
3.801893963205985e-003	2.238870e-002	5.888829e+000
3.981071705535364e-003	2.344385e-002	5.888829e+000
4.168693834703764e-003	2.454872e-002	5.888829e+000
4.365158322402090e-003	2.570567e-002	5.888829e+000
4.570881896149201e-003	2.691714e-002	5.888829e+000
4.786300923226856e-003	2.818570e-002	5.888829e+000
5.011872336273217e-003	2.951406e-002	5.888829e+000
5.248074602498244e-003	3.090501e-002	5.888829e+000
5.495408738576789e-003	3.236152e-002	5.888828e+000
5.754399373372138e-003	3.388667e-002	5.888828e+000
6.025595860744174e-003	3.548370e-002	5.888828e+000
6.309573444802557e-003	3.715600e-002	5.888828e+000
6.606934480076615e-003	3.890710e-002	5.888828e+000
6.918309709190051e-003	4.074074e-002	5.888828e+000
7.244359600750620e-003	4.266079e-002	5.888828e+000
7.585775750292591e-003	4.467133e-002	5.888828e+000
7.943282347243605e-003	4.677663e-002	5.888828e+000
8.317637711027538e-003	4.898114e-002	5.888828e+000
8.709635899561674e-003	5.128955e-002	5.888828e+000
9.120108393560006e-003	5.370675e-002	5.888828e+000
9.549925860215311e-003	5.623787e-002	5.888828e+000
1.000000000000100e-002	5.888828e-002	5.888828e+000
1.047128548051004e-002	6.166360e-002	5.888828e+000
1.096478196143295e-002	6.456972e-002	5.888828e+000
1.148153621496998e-002	6.761279e-002	5.888828e+000
1.202264434617533e-002	7.079928e-002	5.888828e+000
1.258925411794293e-002	7.413595e-002	5.888828e+000
1.318256738556539e-002	7.762987e-002	5.888828e+000
1.380384264603023e-002	8.128846e-002	5.888828e+000
1.445439770746072e-002	8.511946e-002	5.888828e+000
1.513561248436360e-002	8.913101e-002	5.888828e+000
1.584893192461273e-002	9.333163e-002	5.888828e+000
1.659586907437727e-002	9.773021e-002	5.888828e+000
1.737800828749550e-002	1.023361e-001	5.888828e+000
1.819700858610167e-002	1.071590e-001	5.888828e+000
1.905460717963439e-002	1.122093e-001	5.888828e+000
1.995262314969081e-002	1.174976e-001	5.888827e+000
2.089296130854250e-002	1.230350e-001	5.888827e+000
2.187761623949773e-002	1.288335e-001	5.888827e+000
2.290867652768005e-002	1.349052e-001	5.888827e+000
2.398832919019733e-002	1.412631e-001	5.888827e+000
2.511886431509834e-002	1.479207e-001	5.888827e+000
2.630267991895648e-002	1.548919e-001	5.888827e+000
2.754228703338445e-002	1.621918e-001	5.888827e+000
2.884031503126898e-002	1.698356e-001	5.888827e+000
3.019951720402322e-002	1.778397e-001	5.888827e+000
3.162277660168700e-002	1.862210e-001	5.888827e+000
3.311311214826247e-002	1.949974e-001	5.888826e+000
3.467368504525669e-002	2.041873e-001	5.888826e+000
3.630780547701383e-002	2.138104e-001	5.888826e+000
3.801893963205999e-002	2.238869e-001	5.888826e+000
3.981071705535378e-002	2.344384e-001	5.888826e+000
4.168693834703779e-002	2.454871e-001	5.888826e+000
4.365158322402105e-002	2.570566e-001	5.888826e+000
4.570881896149216e-002	2.691713e-001	5.888826e+000
4.786300923226872e-002	2.818569e-001	5.888825e+000
5.011872336273234e-002	2.951404e-001	5.888825e+000
5.248074602498262e-002	3.090499e-001	5.888825e+000
5.495408738576807e-002	3.236150e-001	5.888825e+000
5.754399373372158e-002	3.388665e-001	5.888825e+000
6.025595860744194e-002	3.548368e-001	5.888825e+000
6.309573444802578e-002	3.715597e-001	5.888824e+000
6.606934480076637e-002	3.890707e-001	5.888824e+000
6.918309709190075e-002	4.074071e-001	5.888824e+000
7.244359600750645e-002	4.266076e-001	5.888824e+000
7.585775750292619e-002	4.467129e-001	5.888824e+000
7.943282347243633e-002	4.677659e-001	5.888824e+000
8.317637711027567e-002	4.898110e-001	5.888823e+000
8.709635899561705e-002	5.128950e-001	5.888823e+000
9.120108393560039e-002	5.370670e-001	5.888823e+000
9.549925860215347e-002	5.623782e-001	5.888822e+000
1.000000000000103e-001	5.888822e-001	5.888822e+000
1.047128548051008e-001	6.166353e-001	5.888822e+000
1.096478196143299e-001	6.456964e-001	5.888821e+000
1.148153621497002e-001	6.761271e-001	5.888821e+000
1.202264434617538e-001	7.079920e-001	5.888821e+000
1.258925411794298e-001	7.413585e-001	5.888820e+000
1.318256738556544e-001	7.762976e-001	5.888820e+000
1.380384264603028e-001	8.128834e-001	5.888819e+000
1.445439770746078e-001	8.511933e-001	5.888819e+000
1.513561248436366e-001	8.913087e-001	5.888818e+000
1.584893192461279e-001	9.333147e-001	5.888818e+000
1.659586907437734e-001	9.773004e-001	5.888817e+000
1.737800828749557e-001	1.023359e+000	5.888817e+000
1.819700858610174e-001	1.071588e+000	5.888816e+000
1.905460717963447e-001	1.122091e+000	5.888816e+000
1.995262314969089e-001	1.174973e+000	5.888815e+000
2.089296130854259e-001	1.230348e+000	5.888814e+000
2.187761623949783e-001	1.288332e+000	5.888813e+000
2.290867652768014e-001	1.349049e+000	5.888813e+000
2.398832919019743e-001	1.412628e+000	5.888812e+000
2.511886431509845e-001	1.479203e+000	5.888812e+000
2.630267991895660e-001	1.548915e+000	5.888811e+000
2.754228703338457e-001	1.621913e+000	5.888810e+000
2.884031503126910e-001	1.698351e+000	5.888809e+000
3.019951720402335e-001	1.778392e+000	5.888808e+000
3.162277660168714e-001	1.862204e+000	5.888807e+000
3.311311214826261e-001	1.949967e+000	5.888806e+000
3.467368504525684e-001	2.041866e+000	5.888805e+000
3.630780547701398e-001	2.138095e+000	5.888803e+000
3.801893963206015e-001	2.238860e+000	5.888803e+000
3.981071705535395e-001	2.344374e+000	5.888801e+000
4.168693834703797e-001	2.454860e+000	5.888800e+000
4.365158322402123e-001	2.570554e+000	5.888799e+000
4.570881896149237e-001	2.691700e+000	5.888797e+000
4.786300923226893e-001	2.818555e+000	5.888795e+000
5.011872336273257e-001	2.951388e+000	5.888794e+000
5.248074602498285e-001	3.090482e+000	5.888793e+000
5.495408738576831e-001	3.236131e+000	5.888791e+000
5.754399373372183e-001	3.388644e+000	5.888789e+000
6.025595860744221e-001	3.548345e+000	5.888787e+000
6.309573444802606e-001	3.715572e+000	5.888785e+000
6.606934480076666e-001	3.890680e+000	5.888783e+000
6.918309709190105e-001	4.074041e+000	5.888781e+000
7.244359600750676e-001	4.266043e+000	5.888779e+000
7.585775750292650e-001	4.467093e+000	5.888776e+000
7.943282347243666e-001	4.677619e+000	5.888773e+000
8.317637711027602e-001	4.898067e+000	5.888771e+000
8.709635899561742e-001	5.128903e+000	5.888768e+000
9.120108393560078e-001	5.370618e+000	5.888765e+000
9.549925860215387e-001	5.623724e+000	5.888762e+000
1.000000000000108e+000	5.888759e+000	5.888759e+000
1.047128548051012e+000	6.166285e+000	5.888756e+000
1.096478196143303e+000	6.456889e+000	5.888752e+000
1.148153621497007e+000	6.761189e+000	5.888749e+000
1.202264434617543e+000	7.079829e+000	5.888745e+000
1.258925411794303e+000	7.413486e+000	5.888741e+000
1.318256738556550e+000	7.762867e+000	5.888737e+000
1.380384264603034e+000	8.128715e+000	5.888733e+000
1.445439770746084e+000	8.511802e+000	5.888728e+000
1.513561248436372e+000	8.912944e+000	5.888724e+000
1.584893192461285e+000	9.332990e+000	5.888719e+000
1.659586907437741e+000	9.772832e+000	5.888713e+000
1.737800828749564e+000	1.023340e+001	5.888708e+000
1.819700858610181e+000	1.071568e+001	5.888702e+000
1.905460717963454e+000	1.122068e+001	5.888696e+000
1.995262314969096e+000	1.174948e+001	5.888690e+000
2.089296130854267e+000	1.230320e+001	5.888683e+000
2.187761623949791e+000	1.288302e+001	5.888677e+000
2.290867652768022e+000	1.349016e+001	5.888669e+000
2.398832919019752e+000	1.412592e+001	5.888662e+000
2.511886431509854e+000	1.479163e+001	5.888654e+000
2.630267991895669e+000	1.548872e+001	5.888646e+000
2.754228703338467e+000	1.621865e+001	5.888637e+000
2.884031503126921e+000	1.698299e+001	5.888628e+000
3.019951720402346e+000	1.778334e+001	5.888619e+000
3.162277660168725e+000	1.862142e+001	5.888609e+000
3.311311214826273e+000	1.949898e+001	5.888598e+000
3.467368504525696e+000	2.041790e+001	5.888587e+000
3.630780547701411e+000	2.138013e+001	5.888576e+000
3.801893963206029e+000	2.238770e+001	5.888564e+000
3.981071705535409e+000	2.344275e+001	5.888552e+000
4.168693834703811e+000	2.454752e+001	5.888539e+000
4.365158322402139e+000	2.570434e+001	5.888525e+000
4.570881896149253e+000	2.691569e+001	5.888511e+000
4.786300923226910e+000	2.818411e+001	5.888495e+000
5.011872336273274e+000	2.951231e+001	5.888480e+000
5.248074602498304e+000	3.090310e+001	5.888463e+000
5.495408738576851e+000	3.235942e+001	5.888446e+000
5.754399373372204e+000	3.388437e+001	5.888428e+000
6.025595860744242e+000	3.548117e+001	5.888409e+000
6.309573444802629e+000	3.715322e+001	5.888389e+000
6.606934480076689e+000	3.890406e+001	5.888369e+000
6.918309709190129e+000	4.073741e+001	5.888347e+000
7.244359600750701e+000	4.265714e+001	5.888324e+000
7.585775750292676e+000	4.466732e+001	5.888300e+000
7.943282347243693e+000	4.677223e+001	5.888275e+000
8.317637711027631e+000	4.897632e+001	5.888249e+000
8.709635899561771e+000	5.128427e+001	5.888222e+000
9.120108393560109e+000	5.370096e+001	5.888193e+000
9.549925860215419e+000	5.623152e+001	5.888163e+000
1.000000000000111e+001	5.888131e+001	5.888131e+000
1.047128548051016e+001	6.165596e+001	5.888098e+000
1.096478196143307e+001	6.456133e+001	5.888063e+000
1.148153621497010e+001	6.760360e+001	5.888027e+000
1.202264434617547e+001	7.078920e+001	5.887989e+000
1.258925411794307e+001	7.412489e+001	5.887949e+000
1.318256738556554e+001	7.761774e+001	5.887908e+000
1.380384264603039e+001	8.127515e+001	5.887864e+000
1.445439770746089e+001	8.510487e+001	5.887818e+000
1.513561248436377e+001	8.911501e+001	5.887770e+000
1.584893192461291e+001	9.331406e+001	5.887720e+000
1.659586907437746e+001	9.771095e+001	5.887667e+000
1.737800828749570e+001	1.023150e+002	5.887611e+000
1.819700858610187e+001	1.071358e+002	5.887553e+000
1.905460717963461e+001	1.121838e+002	5.887492e+000
1.995262314969104e+001	1.174696e+002	5.887428e+000
2.089296130854274e+001	1.230044e+002	5.887361e+000
2.187761623949799e+001	1.287999e+002	5.887290e+000
2.290867652768031e+001	1.348683e+002	5.887216e+000
2.398832919019760e+001	1.412226e+002	5.887138e+000
2.511886431509863e+001	1.478762e+002	5.887056e+000
2.630267991895678e+001	1.548431e+002	5.886971e+000
2.754228703338477e+001	1.621381e+002	5.886880e+000
2.884031503126931e+001	1.697767e+002	5.886785e+000
3.019951720402357e+001	1.777750e+002	5.886684e+000
3.162277660168737e+001	1.861499e+002	5.886578e+000
3.311311214826285e+001	1.949192e+002	5.886466e+000
3.467368504525708e+001	2.041013e+002	5.886347e+000
3.630780547701424e+001	2.137158e+002	5.886221e+000
3.801893963206042e+001	2.237828e+002	5.886087e+000
3.981071705535423e+001	2.343237e+002	5.885944e+000
4.168693834703826e+001	2.453607e+002	5.885792e+000
4.365158322402155e+001	2.569170e+002	5.885629e+000
4.570881896149270e+001	2.690171e+002	5.885453e+000
4.786300923226928e+001	2.816863e+002	5.885262e+000
5.011872336273293e+001	2.949514e+002	5.885053e+000
5.248074602498323e+001	3.088400e+002	5.884824e+000
5.495408738576872e+001	3.233811e+002	5.884570e+000
5.754399373372225e+001	3.386052e+002	5.884283e+000
6.025595860744265e+001	3.545435e+002	5.883957e+000
6.309573444802653e+001	3.712288e+002	5.883580e+000
6.606934480076714e+001	3.886949e+002	5.883136e+000
6.918309709190154e+001	4.069767e+002	5.882603e+000
7.244359600750728e+001	4.261095e+002	5.881948e+000
7.585775750292704e+001	4.461290e+002	5.881126e+000
7.943282347243724e+001	4.670704e+002	5.880068e+000
8.317637711027662e+001	4.889666e+002	5.878672e+000
8.709635899561803e+001	5.118463e+002	5.876782e+000
9.120108393560142e+001	5.357296e+002	5.874158e+000
9.549925860215454e+001	5.606210e+002	5.870422e+000
1.000000000000115e+002	5.864968e+002	5.864967e+000
1.047128548051020e+002	6.132830e+002	5.856807e+000
1.096478196143311e+002	6.408171e+002	5.844322e+000
1.148153621497015e+002	6.687853e+002	5.824877e+000
1.202264434617551e+002	6.966374e+002	5.794377e+000
1.258925411794312e+002	7.235255e+002	5.747167e+000
1.318256738556559e+002	7.483942e+002	5.677150e+000
1.380384264603044e+002	7.703199e+002	5.580474e+000
1.445439770746094e+002	7.888994e+002	5.457850e+000
1.513561248436383e+002	8.042994e+002	5.313953e+000
1.584893192461296e+002	8.170060e+002	5.154959e+000
1.659586907437752e+002	8.275591e+002	4.986537e+000
1.737800828749576e+002	8.364265e+002	4.813132e+000
1.819700858610194e+002	8.439754e+002	4.637990e+000
1.905460717963468e+002	8.504833e+002	4.463399e+000
1.995262314969110e+002	8.561582e+002	4.290956e+000
2.089296130854281e+002	8.611575e+002	4.121759e+000
2.187761623949806e+002	8.655973e+002	3.956543e+000
2.290867652768039e+002	8.695733e+002	3.795825e+000
2.398832919019769e+002	8.731565e+002	3.639922e+000
2.511886431509872e+002	8.764041e+002	3.489028e+000
2.630267991895688e+002	8.793623e+002	3.343242e+000
2.754228703338487e+002	8.820686e+002	3.202598e+000
2.884031503126942e+002	8.845541e+002	3.067075e+000
3.019951720402368e+002	8.868445e+002	2.936618e+000
3.162277660168747e+002	8.889617e+002	2.811144e+000
3.311311214826297e+002	8.909218e+002	2.690541e+000
3.467368504525721e+002	8.927438e+002	2.574701e+000
3.630780547701437e+002	8.944399e+002	2.463492e+000
3.801893963206056e+002	8.960219e+002	2.356778e+000
3.981071705535438e+002	8.974999e+002	2.254418e+000
4.168693834703842e+002	8.988830e+002	2.156270e+000
4.365158322402170e+002	9.001792e+002	2.062191e+000
4.570881896149285e+002	9.013954e+002	1.972038e+000
4.786300923226944e+002	9.025381e+002	1.885669e+000
5.011872336273310e+002	9.036128e+002	1.802945e+000
5.248074602498341e+002	9.046245e+002	1.723727e+000
5.495408738576890e+002	9.055779e+002	1.647881e+000
5.754399373372245e+002	9.064771e+002	1.575277e+000
6.025595860744285e+002	9.073257e+002	1.505786e+000
6.309573444802674e+002	9.081274e+002	1.439285e+000
6.606934480076736e+002	9.088851e+002	1.375653e+000
6.918309709190178e+002	9.096017e+002	1.314775e+000
7.244359600750753e+002	9.102800e+002	1.256536e+000
7.585775750292730e+002	9.109205e+002	1.200827e+000
7.943282347243750e+002	9.115284e+002	1.147546e+000
8.317637711027689e+002	9.121046e+002	1.096591e+000
8.709635899561832e+002	9.126508e+002	1.047863e+000
9.120108393560172e+002	9.131688e+002	1.001270e+000
9.549925860215485e+002	9.136604e+002	9.567199e-001
1.000000000000118e+003	9.141270e+002	9.141270e-001
1.047128548051023e+003	9.145700e+002	8.734076e-001
1.096478196143314e+003	9.149908e+002	8.344815e-001
1.148153621497018e+003	9.153905e+002	7.972718e-001
1.202264434617555e+003	9.157704e+002	7.617046e-001
1.258925411794316e+003	9.161315e+002	7.277091e-001
1.318256738556563e+003	9.164748e+002	6.952173e-001
1.380384264603049e+003	9.168013e+002	6.641638e-001
1.445439770746099e+003	9.171119e+002	6.344864e-001
1.513561248436388e+003	9.174074e+002	6.061251e-001
1.584893192461302e+003	9.176886e+002	5.790223e-001
1.659586907437758e+003	9.179562e+002	5.531233e-001
1.737800828749582e+003	9.182110e+002	5.283753e-001
1.819700858610200e+003	9.184536e+002	5.047278e-001
1.905460717963474e+003	9.186845e+002	4.821325e-001
1.995262314969117e+003	9.189045e+002	4.605432e-001
2.089296130854289e+003	9.191140e+002	4.399156e-001
2.187761623949813e+003	9.193136e+002	4.202074e-001
2.290867652768046e+003	9.195037e+002	4.013779e-001
2.398832919019777e+003	9.196849e+002	3.833885e-001
2.511886431509880e+003	9.198576e+002	3.662019e-001
2.630267991895697e+003	9.200222e+002	3.497827e-001
2.754228703338496e+003	9.201791e+002	3.340968e-001
2.884031503126951e+003	9.203286e+002	3.191119e-001
3.019951720402378e+003	9.204712e+002	3.047967e-001
3.162277660168758e+003	9.206071e+002	2.911215e-001
3.311311214826308e+003	9.207368e+002	2.780581e-001
3.467368504525733e+003	9.208604e+002	2.655790e-001
3.630780547701449e+003	9.209782e+002	2.536585e-001
3.801893963206069e+003	9.210906e+002	2.422715e-001
3.981071705535451e+003	9.211979e+002	2.313945e-001
4.168693834703856e+003	9.213002e+002	2.210045e-001
4.365158322402185e+003	9.213978e+002	2.110800e-001
4.570881896149301e+003	9.214909e+002	2.016002e-001
4.786300923226961e+003	9.215797e+002	1.925453e-001
5.011872336273327e+003	9.216644e+002	1.838962e-001
5.248074602498359e+003	9.217453e+002	1.756350e-001
5.495408738576909e+003	9.218207e+002	1.677438e-001
5.754399373372265e+003	9.218942e+002	1.602068e-001
6.025595860744306e+003	9.219643e+002	1.530080e-001
6.309573444802696e+003	9.220312e+002	1.461321e-001
6.606934480076760e+003	9.220950e+002	1.395647e-001
6.918309709190204e+003	9.221559e+002	1.332921e-001
7.244359600750780e+003	9.222141e+002	1.273010e-001
7.585775750292759e+003	9.222696e+002	1.215788e-001
7.943282347243780e+003	9.223226e+002	1.161135e-001
8.317637711027721e+003	9.223731e+002	1.108936e-001
8.709635899561865e+003	9.224214e+002	1.059081e-001
9.120108393560206e+003	9.224674e+002	1.011465e-001
9.549925860215521e+003	9.225114e+002	9.659880e-002
1.000000000000122e+004	9.225533e+002	9.225533e-002
1.047128548051027e+004	9.225934e+002	8.810698e-002
1.096478196143319e+004	9.226316e+002	8.414500e-002
1.148153621497023e+004	9.226681e+002	8.036103e-002
1.202264434617560e+004	9.227029e+002	7.674709e-002
1.258925411794321e+004	9.227361e+002	7.329554e-002
1.318256738556568e+004	9.227679e+002	6.999911e-002
1.380384264603054e+004	9.227982e+002	6.685082e-002
1.445439770746104e+004	9.228271e+002	6.384404e-002
1.513561248436393e+004	9.228547e+002	6.097241e-002
1.584893192461307e+004	9.228811e+002	5.822986e-002
1.659586907437764e+004	9.229063e+002	5.561060e-002
1.737800828749588e+004	9.229304e+002	5.310910e-002
1.819700858610206e+004	9.229532e+002	5.072005e-002
1.905460717963480e+004	9.229752e+002	4.843843e-002
1.995262314969124e+004	9.229961e+002	4.625938e-002
2.089296130854296e+004	9.230161e+002	4.417833e-002
2.187761623949821e+004	9.230352e+002	4.219085e-002
2.290867652768054e+004	9.230533e+002	4.029274e-002
2.398832919019785e+004	9.230707e+002	3.847999e-002
2.511886431509889e+004	9.230873e+002	3.674877e-002
2.630267991895706e+004	9.231031e+002	3.509540e-002
2.754228703338506e+004	9.231183e+002	3.351640e-002
2.884031503126961e+004	9.231327e+002	3.200841e-002
3.019951720402388e+004	9.231465e+002	3.056825e-002
3.162277660168769e+004	9.231597e+002	2.919287e-002
3.311311214826319e+004	9.231722e+002	2.787936e-002
3.467368504525744e+004	9.231843e+002	2.662493e-002
3.630780547701462e+004	9.231957e+002	2.542692e-002
3.801893963206082e+004	9.232067e+002	2.428281e-002
3.981071705535465e+004	9.232172e+002	2.319017e-002
4.168693834703870e+004	9.232271e+002	2.214668e-002
4.365158322402200e+004	9.232366e+002	2.115013e-002
4.570881896149317e+004	9.232457e+002	2.019842e-002
4.786300923226977e+004	9.232545e+002	1.928952e-002
5.011872336273344e+004	9.232628e+002	1.842151e-002
5.248074602498377e+004	9.232707e+002	1.759256e-002
5.495408738576927e+004	9.232783e+002	1.680090e-002
5.754399373372283e+004	9.232855e+002	1.604486e-002
6.025595860744326e+004	9.232924e+002	1.532284e-002
6.309573444802716e+004	9.232990e+002	1.463330e-002
6.606934480076781e+004	9.233052e+002	1.397479e-002
6.918309709190225e+004	9.233113e+002	1.334591e-002
7.244359600750802e+004	9.233170e+002	1.274532e-002
7.585775750292782e+004	9.233224e+002	1.217176e-002
7.943282347243805e+004	9.233277e+002	1.162401e-002
8.317637711027746e+004	9.233327e+002	1.110090e-002
8.709635899561892e+004	9.233375e+002	1.060133e-002
9.120108393560235e+004	9.233420e+002	1.012424e-002
9.549925860215552e+004	9.233464e+002	9.668623e-003
1.000000000000000e+005	9.233505e+002	9.233505e-003
