rload	V(out)	I(R3)
1.000000000000000e-020	5.888829e-020	5.888829e+000
1.047128548050900e-020	6.166361e-020	5.888829e+000
1.096478196143185e-020	6.456973e-020	5.888829e+000
1.148153621496883e-020	6.761280e-020	5.888829e+000
1.202264434617413e-020	7.079929e-020	5.888829e+000
1.258925411794168e-020	7.413597e-020	5.888829e+000
1.318256738556408e-020	7.762989e-020	5.888829e+000
1.380384264602885e-020	8.128847e-020	5.888829e+000
1.445439770745928e-020	8.511948e-020	5.888829e+000
1.513561248436209e-020	8.913103e-020	5.888829e+000
1.584893192461114e-020	9.333165e-020	5.888829e+000
1.659586907437562e-020	9.773023e-020	5.888829e+000
1.737800828749377e-020	1.023361e-019	5.888829e+000
1.819700858609985e-020	1.071591e-019	5.888829e+000
1.905460717963249e-020	1.122093e-019	5.888829e+000
1.995262314968881e-020	1.174976e-019	5.888829e+000
2.089296130854041e-020	1.230351e-019	5.888829e+000
2.187761623949555e-020	1.288335e-019	5.888829e+000
2.290867652767775e-020	1.349053e-019	5.888829e+000
2.398832919019493e-020	1.412632e-019	5.888829e+000
2.511886431509583e-020	1.479207e-019	5.888829e+000
2.630267991895385e-020	1.548920e-019	5.888829e+000
2.754228703338170e-020	1.621918e-019	5.888829e+000
2.884031503126610e-020	1.698357e-019	5.888829e+000
3.019951720402020e-020	1.778398e-019	5.888829e+000
3.162277660168383e-020	1.862211e-019	5.888829e+000
3.311311214825915e-020	1.949975e-019	5.888829e+000
3.467368504525321e-020	2.041874e-019	5.888829e+000
3.630780547701019e-020	2.138105e-019	5.888829e+000
3.801893963205618e-020	2.238870e-019	5.888829e+000
3.981071705534978e-020	2.344385e-019	5.888829e+000
4.168693834703361e-020	2.454873e-019	5.888829e+000
4.365158322401667e-020	2.570567e-019	5.888829e+000
4.570881896148758e-020	2.691714e-019	5.888829e+000
4.786300923226392e-020	2.818571e-019	5.888829e+000
5.011872336272732e-020	2.951406e-019	5.888829e+000
5.248074602497736e-020	3.090501e-019	5.888829e+000
5.495408738576257e-020	3.236152e-019	5.888829e+000
5.754399373371582e-020	3.388667e-019	5.888829e+000
6.025595860743591e-020	3.548370e-019	5.888829e+000
6.309573444801947e-020	3.715600e-019	5.888829e+000
6.606934480075976e-020	3.890711e-019	5.888829e+000
6.918309709189382e-020	4.074074e-019	5.888829e+000
7.244359600749920e-020	4.266079e-019	5.888829e+000
7.585775750291858e-020	4.467134e-019	5.888829e+000
7.943282347242836e-020	4.677663e-019	5.888829e+000
8.317637711026733e-020	4.898114e-019	5.888829e+000
8.709635899560830e-020	5.128956e-019	5.888829e+000
9.120108393559123e-020	5.370676e-019	5.888829e+000
9.549925860214387e-020	5.623788e-019	5.888829e+000
1.000000000000003e-019	5.888829e-019	5.888829e+000
1.047128548050903e-019	6.166361e-019	5.888829e+000
1.096478196143188e-019	6.456972e-019	5.888829e+000
1.148153621496886e-019	6.761280e-019	5.888829e+000
1.202264434617417e-019	7.079929e-019	5.888829e+000
1.258925411794171e-019	7.413596e-019	5.888829e+000
1.318256738556411e-019	7.762988e-019	5.888829e+000
1.380384264602890e-019	8.128847e-019	5.888829e+000
1.445439770745932e-019	8.511948e-019	5.888829e+000
1.513561248436213e-019	8.913103e-019	5.888829e+000
1.584893192461119e-019	9.333165e-019	5.888829e+000
1.659586907437567e-019	9.773023e-019	5.888829e+000
1.737800828749382e-019	1.023361e-018	5.888829e+000
1.819700858609990e-019	1.071591e-018	5.888829e+000
1.905460717963254e-019	1.122093e-018	5.888829e+000
1.995262314968887e-019	1.174976e-018	5.888829e+000
2.089296130854048e-019	1.230351e-018	5.888829e+000
2.187761623949561e-019	1.288335e-018	5.888829e+000
2.290867652767782e-019	1.349053e-018	5.888829e+000
2.398832919019500e-019	1.412632e-018	5.888829e+000
2.511886431509591e-019	1.479207e-018	5.888829e+000
2.630267991895393e-019	1.548920e-018	5.888829e+000
2.754228703338178e-019	1.621918e-018	5.888829e+000
2.884031503126618e-019	1.698357e-018	5.888829e+000
3.019951720402029e-019	1.778398e-018	5.888829e+000
3.162277660168394e-019	1.862211e-018	5.888829e+000
3.311311214825926e-019	1.949974e-018	5.888829e+000
3.467368504525333e-019	2.041874e-018	5.888829e+000
3.630780547701031e-019	2.138105e-018	5.888829e+000
3.801893963205630e-019	2.238870e-018	5.888829e+000
3.981071705534992e-019	2.344385e-018	5.888829e+000
4.168693834703375e-019	2.454873e-018	5.888829e+000
4.365158322401682e-019	2.570567e-018	5.888829e+000
4.570881896148774e-019	2.691714e-018	5.888829e+000
4.786300923226408e-019	2.818571e-018	5.888829e+000
5.011872336272750e-019	2.951406e-018	5.888829e+000
5.248074602497755e-019	3.090501e-018	5.888829e+000
5.495408738576276e-019	3.236152e-018	5.888829e+000
5.754399373371601e-019	3.388667e-018	5.888829e+000
6.025595860743612e-019	3.548370e-018	5.888829e+000
6.309573444801968e-019	3.715600e-018	5.888829e+000
6.606934480075998e-019	3.890711e-018	5.888829e+000
6.918309709189405e-019	4.074074e-018	5.888829e+000
7.244359600749944e-019	4.266079e-018	5.888829e+000
7.585775750291883e-019	4.467133e-018	5.888829e+000
7.943282347242863e-019	4.677663e-018	5.888829e+000
8.317637711026761e-019	4.898114e-018	5.888829e+000
8.709635899560860e-019	5.128956e-018	5.888829e+000
9.120108393559154e-019	5.370676e-018	5.888829e+000
9.549925860214419e-019	5.623788e-018	5.888829e+000
1.000000000000006e-018	5.888829e-018	5.888829e+000
1.047128548050906e-018	6.166361e-018	5.888829e+000
1.096478196143192e-018	6.456973e-018	5.888829e+000
1.148153621496890e-018	6.761280e-018	5.888829e+000
1.202264434617421e-018	7.079930e-018	5.888829e+000
1.258925411794175e-018	7.413596e-018	5.888829e+000
1.318256738556416e-018	7.762988e-018	5.888829e+000
1.380384264602894e-018	8.128847e-018	5.888829e+000
1.445439770745937e-018	8.511947e-018	5.888829e+000
1.513561248436219e-018	8.913104e-018	5.888829e+000
1.584893192461124e-018	9.333165e-018	5.888829e+000
1.659586907437572e-018	9.773023e-018	5.888829e+000
1.737800828749388e-018	1.023361e-017	5.888829e+000
1.819700858609997e-018	1.071591e-017	5.888829e+000
1.905460717963261e-018	1.122093e-017	5.888829e+000
1.995262314968894e-018	1.174976e-017	5.888829e+000
2.089296130854055e-018	1.230351e-017	5.888829e+000
2.187761623949569e-018	1.288335e-017	5.888829e+000
2.290867652767790e-018	1.349053e-017	5.888829e+000
2.398832919019509e-018	1.412632e-017	5.888829e+000
2.511886431509600e-018	1.479207e-017	5.888829e+000
2.630267991895403e-018	1.548920e-017	5.888829e+000
2.754228703338188e-018	1.621918e-017	5.888829e+000
2.884031503126629e-018	1.698357e-017	5.888829e+000
3.019951720402040e-018	1.778398e-017	5.888829e+000
3.162277660168405e-018	1.862211e-017	5.888829e+000
3.311311214825938e-018	1.949975e-017	5.888829e+000
3.467368504525345e-018	2.041874e-017	5.888829e+000
3.630780547701043e-018	2.138105e-017	5.888829e+000
3.801893963205643e-018	2.238870e-017	5.888829e+000
3.981071705535006e-018	2.344385e-017	5.888829e+000
4.168693834703389e-018	2.454873e-017	5.888829e+000
4.365158322401697e-018	2.570567e-017	5.888829e+000
4.570881896148790e-018	2.691714e-017	5.888829e+000
4.786300923226425e-018	2.818571e-017	5.888829e+000
5.011872336272767e-018	2.951406e-017	5.888829e+000
5.248074602497773e-018	3.090501e-017	5.888829e+000
5.495408738576295e-018	3.236152e-017	5.888829e+000
5.754399373371622e-018	3.388667e-017	5.888829e+000
6.025595860743633e-018	3.548370e-017	5.888829e+000
6.309573444801991e-018	3.715600e-017	5.888829e+000
6.606934480076022e-018	3.890711e-017	5.888829e+000
6.918309709189430e-018	4.074074e-017	5.888829e+000
7.244359600749970e-018	4.266079e-017	5.888829e+000
7.585775750291912e-018	4.467134e-017	5.888829e+000
7.943282347242893e-018	4.677663e-017	5.888829e+000
8.317637711026792e-018	4.898115e-017	5.888829e+000
8.709635899560892e-018	5.128956e-017	5.888829e+000
9.120108393559187e-018	5.370676e-017	5.888829e+000
9.549925860214455e-018	5.623788e-017	5.888829e+000
1.000000000000010e-017	5.888829e-017	5.888829e+000
1.047128548050910e-017	6.166361e-017	5.888829e+000
1.096478196143196e-017	6.456973e-017	5.888829e+000
1.148153621496895e-017	6.761280e-017	5.888829e+000
1.202264434617425e-017	7.079930e-017	5.888829e+000
1.258925411794180e-017	7.413596e-017	5.888829e+000
1.318256738556421e-017	7.762988e-017	5.888829e+000
1.380384264602900e-017	8.128847e-017	5.888829e+000
1.445439770745943e-017	8.511947e-017	5.888829e+000
1.513561248436225e-017	8.913103e-017	5.888829e+000
1.584893192461131e-017	9.333165e-017	5.888829e+000
1.659586907437579e-017	9.773023e-017	5.888829e+000
1.737800828749395e-017	1.023361e-016	5.888829e+000
1.819700858610004e-017	1.071591e-016	5.888829e+000
1.905460717963269e-017	1.122093e-016	5.888829e+000
1.995262314968902e-017	1.174976e-016	5.888829e+000
2.089296130854063e-017	1.230351e-016	5.888829e+000
2.187761623949578e-017	1.288335e-016	5.888829e+000
2.290867652767799e-017	1.349053e-016	5.888829e+000
2.398832919019518e-017	1.412632e-016	5.888829e+000
2.511886431509609e-017	1.479207e-016	5.888829e+000
2.630267991895413e-017	1.548920e-016	5.888829e+000
2.754228703338199e-017	1.621918e-016	5.888829e+000
2.884031503126640e-017	1.698357e-016	5.888829e+000
3.019951720402052e-017	1.778398e-016	5.888829e+000
3.162277660168417e-017	1.862211e-016	5.888829e+000
3.311311214825951e-017	1.949975e-016	5.888829e+000
3.467368504525359e-017	2.041874e-016	5.888829e+000
3.630780547701058e-017	2.138105e-016	5.888829e+000
3.801893963205659e-017	2.238870e-016	5.888829e+000
3.981071705535023e-017	2.344385e-016	5.888829e+000
4.168693834703407e-017	2.454872e-016	5.888829e+000
4.365158322401715e-017	2.570567e-016	5.888829e+000
4.570881896148809e-017	2.691714e-016	5.888829e+000
4.786300923226445e-017	2.818571e-016	5.888829e+000
5.011872336272787e-017	2.951406e-016	5.888829e+000
5.248074602497794e-017	3.090501e-016	5.888829e+000
5.495408738576317e-017	3.236152e-016	5.888829e+000
5.754399373371645e-017	3.388667e-016	5.888829e+000
6.025595860743657e-017	3.548370e-016	5.888829e+000
6.309573444802017e-017	3.715600e-016	5.888829e+000
6.606934480076048e-017	3.890711e-016	5.888829e+000
6.918309709189458e-017	4.074074e-016	5.888829e+000
7.244359600749999e-017	4.266079e-016	5.888829e+000
7.585775750291941e-017	4.467134e-016	5.888829e+000
7.943282347242925e-017	4.677663e-016	5.888829e+000
8.317637711026825e-017	4.898115e-016	5.888829e+000
8.709635899560927e-017	5.128955e-016	5.888829e+000
9.120108393559225e-017	5.370676e-016	5.888829e+000
9.549925860214493e-017	5.623788e-016	5.888829e+000
1.000000000000014e-016	5.888829e-016	5.888829e+000
1.047128548050914e-016	6.166361e-016	5.888829e+000
1.096478196143201e-016	6.456972e-016	5.888829e+000
1.148153621496899e-016	6.761280e-016	5.888829e+000
1.202264434617430e-016	7.079930e-016	5.888829e+000
1.258925411794186e-016	7.413597e-016	5.888829e+000
1.318256738556427e-016	7.762988e-016	5.888829e+000
1.380384264602905e-016	8.128847e-016	5.888829e+000
1.445439770745949e-016	8.511947e-016	5.888829e+000
1.513561248436231e-016	8.913103e-016	5.888829e+000
1.584893192461137e-016	9.333165e-016	5.888829e+000
1.659586907437586e-016	9.773024e-016	5.888829e+000
1.737800828749402e-016	1.023361e-015	5.888829e+000
1.819700858610011e-016	1.071591e-015	5.888829e+000
1.905460717963276e-016	1.122093e-015	5.888829e+000
1.995262314968910e-016	1.174976e-015	5.888829e+000
2.089296130854071e-016	1.230351e-015	5.888829e+000
2.187761623949586e-016	1.288335e-015	5.888829e+000
2.290867652767808e-016	1.349053e-015	5.888829e+000
2.398832919019527e-016	1.412632e-015	5.888829e+000
2.511886431509619e-016	1.479207e-015	5.888829e+000
2.630267991895423e-016	1.548920e-015	5.888829e+000
2.754228703338210e-016	1.621918e-015	5.888829e+000
2.884031503126652e-016	1.698357e-015	5.888829e+000
3.019951720402064e-016	1.778398e-015	5.888829e+000
3.162277660168430e-016	1.862211e-015	5.888829e+000
3.311311214825964e-016	1.949974e-015	5.888829e+000
3.467368504525372e-016	2.041874e-015	5.888829e+000
3.630780547701072e-016	2.138104e-015	5.888829e+000
3.801893963205674e-016	2.238870e-015	5.888829e+000
3.981071705535038e-016	2.344385e-015	5.888829e+000
4.168693834703422e-016	2.454872e-015	5.888829e+000
4.365158322401731e-016	2.570567e-015	5.888829e+000
4.570881896148826e-016	2.691714e-015	5.888829e+000
4.786300923226463e-016	2.818571e-015	5.888829e+000
5.011872336272806e-016	2.951406e-015	5.888829e+000
5.248074602497814e-016	3.090501e-015	5.888829e+000
5.495408738576338e-016	3.236152e-015	5.888829e+000
5.754399373371666e-016	3.388667e-015	5.888829e+000
6.025595860743680e-016	3.548370e-015	5.888829e+000
6.309573444802040e-016	3.715600e-015	5.888829e+000
6.606934480076073e-016	3.890711e-015	5.888829e+000
6.918309709189484e-016	4.074074e-015	5.888829e+000
7.244359600750026e-016	4.266079e-015	5.888829e+000
7.585775750291969e-016	4.467134e-015	5.888829e+000
7.943282347242952e-016	4.677663e-015	5.888829e+000
8.317637711026855e-016	4.898115e-015	5.888829e+000
8.709635899560959e-016	5.128956e-015	5.888829e+000
9.120108393559257e-016	5.370676e-015	5.888829e+000
9.549925860214527e-016	5.623788e-015	5.888829e+000
1.000000000000018e-015	5.888829e-015	5.888829e+000
1.047128548050918e-015	6.166361e-015	5.888829e+000
1.096478196143205e-015	6.456972e-015	5.888829e+000
1.148153621496903e-015	6.761280e-015	5.888829e+000
1.202264434617435e-015	7.079930e-015	5.888829e+000
1.258925411794190e-015	7.413597e-015	5.888829e+000
1.318256738556431e-015	7.762988e-015	5.888829e+000
1.380384264602910e-015	8.128846e-015	5.888829e+000
1.445439770745954e-015	8.511948e-015	5.888829e+000
1.513561248436236e-015	8.913103e-015	5.888829e+000
1.584893192461143e-015	9.333165e-015	5.888829e+000
1.659586907437591e-015	9.773023e-015	5.888829e+000
1.737800828749408e-015	1.023361e-014	5.888829e+000
1.819700858610017e-015	1.071591e-014	5.888829e+000
1.905460717963283e-015	1.122093e-014	5.888829e+000
1.995262314968917e-015	1.174976e-014	5.888829e+000
2.089296130854079e-015	1.230351e-014	5.888829e+000
2.187761623949594e-015	1.288335e-014	5.888829e+000
2.290867652767817e-015	1.349053e-014	5.888829e+000
2.398832919019537e-015	1.412632e-014	5.888829e+000
2.511886431509628e-015	1.479207e-014	5.888829e+000
2.630267991895432e-015	1.548920e-014	5.888829e+000
2.754228703338220e-015	1.621918e-014	5.888829e+000
2.884031503126662e-015	1.698357e-014	5.888829e+000
3.019951720402075e-015	1.778398e-014	5.888829e+000
3.162277660168441e-015	1.862211e-014	5.888829e+000
3.311311214825976e-015	1.949975e-014	5.888829e+000
3.467368504525385e-015	2.041874e-014	5.888829e+000
3.630780547701085e-015	2.138105e-014	5.888829e+000
3.801893963205687e-015	2.238870e-014	5.888829e+000
3.981071705535052e-015	2.344385e-014	5.888829e+000
4.168693834703437e-015	2.454872e-014	5.888829e+000
4.365158322401747e-015	2.570567e-014	5.888829e+000
4.570881896148841e-015	2.691714e-014	5.888829e+000
4.786300923226479e-015	2.818571e-014	5.888829e+000
5.011872336272823e-015	2.951406e-014	5.888829e+000
5.248074602497832e-015	3.090501e-014	5.888829e+000
5.495408738576357e-015	3.236152e-014	5.888829e+000
5.754399373371687e-015	3.388667e-014	5.888829e+000
6.025595860743701e-015	3.548370e-014	5.888829e+000
6.309573444802062e-015	3.715600e-014	5.888829e+000
6.606934480076096e-015	3.890711e-014	5.888829e+000
6.918309709189508e-015	4.074074e-014	5.888829e+000
7.244359600750051e-015	4.266079e-014	5.888829e+000
7.585775750291996e-015	4.467134e-014	5.888829e+000
7.943282347242981e-015	4.677663e-014	5.888829e+000
8.317637711026884e-015	4.898114e-014	5.888829e+000
8.709635899560990e-015	5.128956e-014	5.888829e+000
9.120108393559291e-015	5.370676e-014	5.888829e+000
9.549925860214562e-015	5.623788e-014	5.888829e+000
1.000000000000021e-014	5.888829e-014	5.888829e+000
1.047128548050922e-014	6.166361e-014	5.888829e+000
1.096478196143209e-014	6.456973e-014	5.888829e+000
1.148153621496908e-014	6.761280e-014	5.888829e+000
1.202264434617439e-014	7.079930e-014	5.888829e+000
1.258925411794195e-014	7.413596e-014	5.888829e+000
1.318256738556436e-014	7.762989e-014	5.888829e+000
1.380384264602915e-014	8.128846e-014	5.888829e+000
1.445439770745959e-014	8.511947e-014	5.888829e+000
1.513561248436242e-014	8.913103e-014	5.888829e+000
1.584893192461149e-014	9.333165e-014	5.888829e+000
1.659586907437598e-014	9.773023e-014	5.888829e+000
1.737800828749414e-014	1.023361e-013	5.888829e+000
1.819700858610024e-014	1.071591e-013	5.888829e+000
1.905460717963290e-014	1.122093e-013	5.888829e+000
1.995262314968925e-014	1.174976e-013	5.888829e+000
2.089296130854087e-014	1.230351e-013	5.888829e+000
2.187761623949603e-014	1.288335e-013	5.888829e+000
2.290867652767826e-014	1.349053e-013	5.888829e+000
2.398832919019546e-014	1.412632e-013	5.888829e+000
2.511886431509638e-014	1.479207e-013	5.888829e+000
2.630267991895443e-014	1.548920e-013	5.888829e+000
2.754228703338230e-014	1.621918e-013	5.888829e+000
2.884031503126673e-014	1.698357e-013	5.888829e+000
3.019951720402087e-014	1.778398e-013	5.888829e+000
3.162277660168453e-014	1.862211e-013	5.888829e+000
3.311311214825989e-014	1.949974e-013	5.888829e+000
3.467368504525398e-014	2.041874e-013	5.888829e+000
3.630780547701100e-014	2.138105e-013	5.888829e+000
3.801893963205702e-014	2.238870e-013	5.888829e+000
3.981071705535067e-014	2.344385e-013	5.888829e+000
4.168693834703453e-014	2.454873e-013	5.888829e+000
4.365158322401764e-014	2.570567e-013	5.888829e+000
4.570881896148860e-014	2.691714e-013	5.888829e+000
4.786300923226498e-014	2.818571e-013	5.888829e+000
5.011872336272844e-014	2.951406e-013	5.888829e+000
5.248074602497853e-014	3.090501e-013	5.888829e+000
5.495408738576379e-014	3.236152e-013	5.888829e+000
5.754399373371709e-014	3.388667e-013	5.888829e+000
6.025595860743724e-014	3.548370e-013	5.888829e+000
6.309573444802087e-014	3.715600e-013	5.888829e+000
6.606934480076123e-014	3.890711e-013	5.888829e+000
6.918309709189536e-014	4.074074e-013	5.888829e+000
7.244359600750081e-014	4.266079e-013	5.888829e+000
7.585775750292027e-014	4.467134e-013	5.888829e+000
7.943282347243014e-014	4.677663e-013	5.888829e+000
8.317637711026919e-014	4.898115e-013	5.888829e+000
8.709635899561026e-014	5.128956e-013	5.888829e+000
9.120108393559328e-014	5.370676e-013	5.888829e+000
9.549925860214602e-014	5.623788e-013	5.888829e+000
1.000000000000025e-013	5.888829e-013	5.888829e+000
1.047128548050926e-013	6.166361e-013	5.888829e+000
1.096478196143213e-013	6.456973e-013	5.888829e+000
1.148153621496912e-013	6.761280e-013	5.888829e+000
1.202264434617444e-013	7.079930e-013	5.888829e+000
1.258925411794200e-013	7.413596e-013	5.888829e+000
1.318256738556441e-013	7.762988e-013	5.888829e+000
1.380384264602921e-013	8.128847e-013	5.888829e+000
1.445439770745965e-013	8.511948e-013	5.888829e+000
1.513561248436248e-013	8.913103e-013	5.888829e+000
1.584893192461155e-013	9.333165e-013	5.888829e+000
1.659586907437604e-013	9.773023e-013	5.888829e+000
1.737800828749421e-013	1.023361e-012	5.888829e+000
1.819700858610031e-013	1.071591e-012	5.888829e+000
1.905460717963298e-013	1.122093e-012	5.888829e+000
1.995262314968933e-013	1.174976e-012	5.888829e+000
2.089296130854095e-013	1.230351e-012	5.888829e+000
2.187761623949611e-013	1.288335e-012	5.888829e+000
2.290867652767834e-013	1.349053e-012	5.888829e+000
2.398832919019554e-013	1.412632e-012	5.888829e+000
2.511886431509647e-013	1.479207e-012	5.888829e+000
2.630267991895452e-013	1.548920e-012	5.888829e+000
2.754228703338240e-013	1.621918e-012	5.888829e+000
2.884031503126683e-013	1.698357e-012	5.888829e+000
3.019951720402098e-013	1.778398e-012	5.888829e+000
3.162277660168465e-013	1.862211e-012	5.888829e+000
3.311311214826001e-013	1.949974e-012	5.888829e+000
3.467368504525411e-013	2.041874e-012	5.888829e+000
3.630780547701112e-013	2.138105e-012	5.888829e+000
3.801893963205716e-013	2.238870e-012	5.888829e+000
3.981071705535081e-013	2.344385e-012	5.888829e+000
4.168693834703468e-013	2.454872e-012	5.888829e+000
4.365158322401779e-013	2.570567e-012	5.888829e+000
4.570881896148876e-013	2.691714e-012	5.888829e+000
4.786300923226515e-013	2.818571e-012	5.888829e+000
5.011872336272861e-013	2.951406e-012	5.888829e+000
5.248074602497871e-013	3.090501e-012	5.888829e+000
5.495408738576398e-013	3.236152e-012	5.888829e+000
5.754399373371730e-013	3.388667e-012	5.888829e+000
6.025595860743747e-013	3.548370e-012	5.888829e+000
6.309573444802110e-013	3.715600e-012	5.888829e+000
6.606934480076147e-013	3.890711e-012	5.888829e+000
6.918309709189561e-013	4.074074e-012	5.888829e+000
7.244359600750107e-013	4.266079e-012	5.888829e+000
7.585775750292054e-013	4.467134e-012	5.888829e+000
7.943282347243042e-013	4.677663e-012	5.888829e+000
8.317637711026948e-013	4.898114e-012	5.888829e+000
8.709635899561055e-013	5.128955e-012	5.888829e+000
9.120108393559360e-013	5.370676e-012	5.888829e+000
9.549925860214636e-013	5.623788e-012	5.888829e+000
1.000000000000029e-012	5.888829e-012	5.888829e+000
1.047128548050930e-012	6.166361e-012	5.888829e+000
1.096478196143217e-012	6.456973e-012	5.888829e+000
1.148153621496916e-012	6.761280e-012	5.888829e+000
1.202264434617448e-012	7.079930e-012	5.888829e+000
1.258925411794204e-012	7.413597e-012	5.888829e+000
1.318256738556446e-012	7.762988e-012	5.888829e+000
1.380384264602926e-012	8.128847e-012	5.888829e+000
1.445439770745970e-012	8.511947e-012	5.888829e+000
1.513561248436253e-012	8.913103e-012	5.888829e+000
1.584893192461161e-012	9.333164e-012	5.888829e+000
1.659586907437610e-012	9.773024e-012	5.888829e+000
1.737800828749427e-012	1.023361e-011	5.888829e+000
1.819700858610038e-012	1.071591e-011	5.888829e+000
1.905460717963304e-012	1.122093e-011	5.888829e+000
1.995262314968940e-012	1.174976e-011	5.888829e+000
2.089296130854102e-012	1.230351e-011	5.888829e+000
2.187761623949618e-012	1.288335e-011	5.888829e+000
2.290867652767842e-012	1.349053e-011	5.888829e+000
2.398832919019563e-012	1.412632e-011	5.888829e+000
2.511886431509657e-012	1.479207e-011	5.888829e+000
2.630267991895462e-012	1.548920e-011	5.888829e+000
2.754228703338251e-012	1.621918e-011	5.888829e+000
2.884031503126695e-012	1.698357e-011	5.888829e+000
3.019951720402110e-012	1.778398e-011	5.888829e+000
3.162277660168478e-012	1.862211e-011	5.888829e+000
3.311311214826014e-012	1.949975e-011	5.888829e+000
3.467368504525425e-012	2.041874e-011	5.888829e+000
3.630780547701127e-012	2.138105e-011	5.888829e+000
3.801893963205731e-012	2.238870e-011	5.888829e+000
3.981071705535098e-012	2.344385e-011	5.888829e+000
4.168693834703486e-012	2.454872e-011	5.888829e+000
4.365158322401798e-012	2.570567e-011	5.888829e+000
4.570881896148896e-012	2.691714e-011	5.888829e+000
4.786300923226537e-012	2.818571e-011	5.888829e+000
5.011872336272884e-012	2.951406e-011	5.888829e+000
5.248074602497895e-012	3.090501e-011	5.888829e+000
5.495408738576423e-012	3.236152e-011	5.888829e+000
5.754399373371756e-012	3.388667e-011	5.888829e+000
6.025595860743773e-012	3.548370e-011	5.888829e+000
6.309573444802137e-012	3.715600e-011	5.888829e+000
6.606934480076175e-012	3.890711e-011	5.888829e+000
6.918309709189591e-012	4.074074e-011	5.888829e+000
7.244359600750138e-012	4.266080e-011	5.888829e+000
7.585775750292086e-012	4.467134e-011	5.888829e+000
7.943282347243075e-012	4.677663e-011	5.888829e+000
8.317637711026983e-012	4.898115e-011	5.888829e+000
8.709635899561093e-012	5.128956e-011	5.888829e+000
9.120108393559398e-012	5.370676e-011	5.888829e+000
9.549925860214675e-012	5.623788e-011	5.888829e+000
1.000000000000033e-011	5.888829e-011	5.888829e+000
1.047128548050934e-011	6.166361e-011	5.888829e+000
1.096478196143222e-011	6.456972e-011	5.888829e+000
1.148153621496921e-011	6.761280e-011	5.888829e+000
1.202264434617453e-011	7.079930e-011	5.888829e+000
1.258925411794210e-011	7.413596e-011	5.888829e+000
1.318256738556452e-011	7.762988e-011	5.888829e+000
1.380384264602932e-011	8.128847e-011	5.888829e+000
1.445439770745977e-011	8.511947e-011	5.888829e+000
1.513561248436260e-011	8.913103e-011	5.888829e+000
1.584893192461167e-011	9.333165e-011	5.888829e+000
1.659586907437617e-011	9.773023e-011	5.888829e+000
1.737800828749435e-011	1.023361e-010	5.888829e+000
1.819700858610046e-011	1.071591e-010	5.888829e+000
1.905460717963313e-011	1.122093e-010	5.888829e+000
1.995262314968948e-011	1.174976e-010	5.888829e+000
2.089296130854111e-011	1.230351e-010	5.888829e+000
2.187761623949628e-011	1.288335e-010	5.888829e+000
2.290867652767852e-011	1.349053e-010	5.888829e+000
2.398832919019573e-011	1.412632e-010	5.888829e+000
2.511886431509667e-011	1.479207e-010	5.888829e+000
2.630267991895473e-011	1.548920e-010	5.888829e+000
2.754228703338262e-011	1.621918e-010	5.888829e+000
2.884031503126706e-011	1.698357e-010	5.888829e+000
3.019951720402122e-011	1.778398e-010	5.888829e+000
3.162277660168490e-011	1.862211e-010	5.888829e+000
3.311311214826027e-011	1.949974e-010	5.888829e+000
3.467368504525438e-011	2.041874e-010	5.888829e+000
3.630780547701142e-011	2.138105e-010	5.888829e+000
3.801893963205747e-011	2.238870e-010	5.888829e+000
3.981071705535114e-011	2.344385e-010	5.888829e+000
4.168693834703502e-011	2.454872e-010	5.888829e+000
4.365158322401815e-011	2.570567e-010	5.888829e+000
4.570881896148914e-011	2.691714e-010	5.888829e+000
4.786300923226555e-011	2.818571e-010	5.888829e+000
5.011872336272903e-011	2.951406e-010	5.888829e+000
5.248074602497915e-011	3.090501e-010	5.888829e+000
5.495408738576444e-011	3.236152e-010	5.888829e+000
5.754399373371777e-011	3.388667e-010	5.888829e+000
6.025595860743796e-011	3.548370e-010	5.888829e+000
6.309573444802162e-011	3.715600e-010	5.888829e+000
6.606934480076201e-011	3.890711e-010	5.888829e+000
6.918309709189617e-011	4.074074e-010	5.888829e+000
7.244359600750166e-011	4.266079e-010	5.888829e+000
7.585775750292116e-011	4.467134e-010	5.888829e+000
7.943282347243107e-011	4.677663e-010	5.888829e+000
8.317637711027017e-011	4.898115e-010	5.888829e+000
8.709635899561128e-011	5.128956e-010	5.888829e+000
9.120108393559435e-011	5.370676e-010	5.888829e+000
9.549925860214713e-011	5.623788e-010	5.888829e+000
1.000000000000037e-010	5.888829e-010	5.888829e+000
1.047128548050938e-010	6.166361e-010	5.888829e+000
1.096478196143226e-010	6.456973e-010	5.888829e+000
1.148153621496925e-010	6.761280e-010	5.888829e+000
1.202264434617458e-010	7.079929e-010	5.888829e+000
1.258925411794214e-010	7.413596e-010	5.888829e+000
1.318256738556457e-010	7.762989e-010	5.888829e+000
1.380384264602937e-010	8.128846e-010	5.888829e+000
1.445439770745982e-010	8.511947e-010	5.888829e+000
1.513561248436265e-010	8.913103e-010	5.888829e+000
1.584893192461173e-010	9.333165e-010	5.888829e+000
1.659586907437624e-010	9.773024e-010	5.888829e+000
1.737800828749442e-010	1.023361e-009	5.888829e+000
1.819700858610053e-010	1.071591e-009	5.888829e+000
1.905460717963320e-010	1.122093e-009	5.888829e+000
1.995262314968956e-010	1.174976e-009	5.888829e+000
2.089296130854120e-010	1.230351e-009	5.888829e+000
2.187761623949637e-010	1.288335e-009	5.888829e+000
2.290867652767862e-010	1.349053e-009	5.888829e+000
2.398832919019583e-010	1.412632e-009	5.888829e+000
2.511886431509678e-010	1.479207e-009	5.888829e+000
2.630267991895484e-010	1.548920e-009	5.888829e+000
2.754228703338274e-010	1.621918e-009	5.888829e+000
2.884031503126719e-010	1.698357e-009	5.888829e+000
3.019951720402135e-010	1.778398e-009	5.888829e+000
3.162277660168504e-010	1.862211e-009	5.888829e+000
3.311311214826042e-010	1.949975e-009	5.888829e+000
3.467368504525454e-010	2.041874e-009	5.888829e+000
3.630780547701157e-010	2.138105e-009	5.888829e+000
3.801893963205763e-010	2.238870e-009	5.888829e+000
3.981071705535131e-010	2.344385e-009	5.888829e+000
4.168693834703520e-010	2.454873e-009	5.888829e+000
4.365158322401834e-010	2.570567e-009	5.888829e+000
4.570881896148933e-010	2.691714e-009	5.888829e+000
4.786300923226575e-010	2.818571e-009	5.888829e+000
5.011872336272924e-010	2.951406e-009	5.888829e+000
5.248074602497937e-010	3.090501e-009	5.888829e+000
5.495408738576466e-010	3.236152e-009	5.888829e+000
5.754399373371801e-010	3.388667e-009	5.888829e+000
6.025595860743820e-010	3.548370e-009	5.888829e+000
6.309573444802188e-010	3.715600e-009	5.888829e+000
6.606934480076228e-010	3.890711e-009	5.888829e+000
6.918309709189645e-010	4.074074e-009	5.888829e+000
7.244359600750195e-010	4.266079e-009	5.888829e+000
7.585775750292147e-010	4.467133e-009	5.888829e+000
7.943282347243139e-010	4.677663e-009	5.888829e+000
8.317637711027050e-010	4.898114e-009	5.888829e+000
8.709635899561163e-010	5.128955e-009	5.888829e+000
9.120108393559472e-010	5.370676e-009	5.888829e+000
9.549925860214753e-010	5.623788e-009	5.888829e+000
1.000000000000041e-009	5.888829e-009	5.888829e+000
1.047128548050943e-009	6.166361e-009	5.888829e+000
1.096478196143230e-009	6.456972e-009	5.888829e+000
1.148153621496930e-009	6.761280e-009	5.888829e+000
1.202264434617463e-009	7.079930e-009	5.888829e+000
1.258925411794219e-009	7.413596e-009	5.888829e+000
1.318256738556462e-009	7.762988e-009	5.888829e+000
1.380384264602942e-009	8.128847e-009	5.888829e+000
1.445439770745988e-009	8.511948e-009	5.888829e+000
1.513561248436271e-009	8.913103e-009	5.888829e+000
1.584893192461180e-009	9.333164e-009	5.888829e+000
1.659586907437630e-009	9.773023e-009	5.888829e+000
1.737800828749448e-009	1.023361e-008	5.888829e+000
1.819700858610060e-009	1.071591e-008	5.888829e+000
1.905460717963327e-009	1.122093e-008	5.888829e+000
1.995262314968963e-009	1.174976e-008	5.888829e+000
2.089296130854127e-009	1.230351e-008	5.888829e+000
2.187761623949645e-009	1.288335e-008	5.888829e+000
2.290867652767870e-009	1.349053e-008	5.888829e+000
2.398832919019592e-009	1.412632e-008	5.888829e+000
2.511886431509687e-009	1.479207e-008	5.888829e+000
2.630267991895494e-009	1.548920e-008	5.888829e+000
2.754228703338284e-009	1.621918e-008	5.888829e+000
2.884031503126729e-009	1.698357e-008	5.888829e+000
3.019951720402145e-009	1.778398e-008	5.888829e+000
3.162277660168515e-009	1.862211e-008	5.888829e+000
3.311311214826053e-009	1.949975e-008	5.888829e+000
3.467368504525466e-009	2.041874e-008	5.888829e+000
3.630780547701170e-009	2.138105e-008	5.888829e+000
3.801893963205776e-009	2.238870e-008	5.888829e+000
3.981071705535145e-009	2.344385e-008	5.888829e+000
4.168693834703535e-009	2.454872e-008	5.888829e+000
4.365158322401850e-009	2.570567e-008	5.888829e+000
4.570881896148949e-009	2.691714e-008	5.888829e+000
4.786300923226592e-009	2.818571e-008	5.888829e+000
5.011872336272941e-009	2.951406e-008	5.888829e+000
5.248074602497956e-009	3.090501e-008	5.888829e+000
5.495408738576486e-009	3.236152e-008	5.888829e+000
5.754399373371822e-009	3.388667e-008	5.888829e+000
6.025595860743842e-009	3.548370e-008	5.888829e+000
6.309573444802210e-009	3.715600e-008	5.888829e+000
6.606934480076251e-009	3.890711e-008	5.888829e+000
6.918309709189670e-009	4.074074e-008	5.888829e+000
7.244359600750221e-009	4.266079e-008	5.888829e+000
7.585775750292173e-009	4.467134e-008	5.888829e+000
7.943282347243166e-009	4.677663e-008	5.888829e+000
8.317637711027078e-009	4.898115e-008	5.888829e+000
8.709635899561192e-009	5.128955e-008	5.888829e+000
9.120108393559502e-009	5.370676e-008	5.888829e+000
9.549925860214784e-009	5.623788e-008	5.888829e+000
1.000000000000045e-008	5.888829e-008	5.888829e+000
1.047128548050946e-008	6.166361e-008	5.888829e+000
1.096478196143234e-008	6.456973e-008	5.888829e+000
1.148153621496934e-008	6.761280e-008	5.888829e+000
1.202264434617467e-008	7.079930e-008	5.888829e+000
1.258925411794224e-008	7.413596e-008	5.888829e+000
1.318256738556467e-008	7.762988e-008	5.888829e+000
1.380384264602947e-008	8.128847e-008	5.888829e+000
1.445439770745993e-008	8.511947e-008	5.888829e+000
1.513561248436277e-008	8.913103e-008	5.888829e+000
1.584893192461185e-008	9.333165e-008	5.888829e+000
1.659586907437636e-008	9.773024e-008	5.888829e+000
1.737800828749455e-008	1.023361e-007	5.888829e+000
1.819700858610067e-008	1.071591e-007	5.888829e+000
1.905460717963334e-008	1.122093e-007	5.888829e+000
1.995262314968971e-008	1.174976e-007	5.888829e+000
2.089296130854135e-008	1.230351e-007	5.888829e+000
2.187761623949653e-008	1.288335e-007	5.888829e+000
2.290867652767879e-008	1.349053e-007	5.888829e+000
2.398832919019601e-008	1.412632e-007	5.888829e+000
2.511886431509696e-008	1.479207e-007	5.888829e+000
2.630267991895504e-008	1.548920e-007	5.888829e+000
2.754228703338294e-008	1.621918e-007	5.888829e+000
2.884031503126740e-008	1.698357e-007	5.888829e+000
3.019951720402157e-008	1.778398e-007	5.888829e+000
3.162277660168527e-008	1.862211e-007	5.888829e+000
3.311311214826066e-008	1.949975e-007	5.888829e+000
3.467368504525479e-008	2.041874e-007	5.888829e+000
3.630780547701184e-008	2.138105e-007	5.888829e+000
3.801893963205791e-008	2.238870e-007	5.888829e+000
3.981071705535161e-008	2.344385e-007	5.888829e+000
4.168693834703551e-008	2.454873e-007	5.888829e+000
4.365158322401867e-008	2.570567e-007	5.888829e+000
4.570881896148968e-008	2.691714e-007	5.888829e+000
4.786300923226611e-008	2.818571e-007	5.888829e+000
5.011872336272962e-008	2.951406e-007	5.888829e+000
5.248074602497977e-008	3.090501e-007	5.888829e+000
5.495408738576508e-008	3.236152e-007	5.888829e+000
5.754399373371845e-008	3.388667e-007	5.888829e+000
6.025595860743867e-008	3.548370e-007	5.888829e+000
6.309573444802235e-008	3.715600e-007	5.888829e+000
6.606934480076278e-008	3.890711e-007	5.888829e+000
6.918309709189699e-008	4.074074e-007	5.888829e+000
7.244359600750250e-008	4.266080e-007	5.888829e+000
7.585775750292205e-008	4.467134e-007	5.888829e+000
7.943282347243201e-008	4.677663e-007	5.888829e+000
8.317637711027114e-008	4.898114e-007	5.888829e+000
8.709635899561230e-008	5.128956e-007	5.888829e+000
9.120108393559541e-008	5.370676e-007	5.888829e+000
9.549925860214824e-008	5.623788e-007	5.888829e+000
1.000000000000049e-007	5.888829e-007	5.888829e+000
1.047128548050951e-007	6.166361e-007	5.888829e+000
1.096478196143239e-007	6.456972e-007	5.888829e+000
1.148153621496939e-007	6.761280e-007	5.888829e+000
1.202264434617472e-007	7.079930e-007	5.888829e+000
1.258925411794229e-007	7.413597e-007	5.888829e+000
1.318256738556472e-007	7.762989e-007	5.888829e+000
1.380384264602953e-007	8.128847e-007	5.888829e+000
1.445439770745999e-007	8.511947e-007	5.888829e+000
1.513561248436283e-007	8.913103e-007	5.888829e+000
1.584893192461192e-007	9.333165e-007	5.888829e+000
1.659586907437643e-007	9.773023e-007	5.888829e+000
1.737800828749462e-007	1.023361e-006	5.888829e+000
1.819700858610074e-007	1.071591e-006	5.888829e+000
1.905460717963342e-007	1.122093e-006	5.888829e+000
1.995262314968979e-007	1.174976e-006	5.888829e+000
2.089296130854144e-007	1.230351e-006	5.888829e+000
2.187761623949662e-007	1.288335e-006	5.888829e+000
2.290867652767888e-007	1.349053e-006	5.888829e+000
2.398832919019611e-007	1.412632e-006	5.888829e+000
2.511886431509707e-007	1.479207e-006	5.888829e+000
2.630267991895514e-007	1.548920e-006	5.888829e+000
2.754228703338306e-007	1.621918e-006	5.888829e+000
2.884031503126752e-007	1.698357e-006	5.888829e+000
3.019951720402169e-007	1.778398e-006	5.888829e+000
3.162277660168540e-007	1.862211e-006	5.888829e+000
3.311311214826079e-007	1.949975e-006	5.888829e+000
3.467368504525493e-007	2.041874e-006	5.888829e+000
3.630780547701198e-007	2.138104e-006	5.888829e+000
3.801893963205806e-007	2.238870e-006	5.888829e+000
3.981071705535176e-007	2.344385e-006	5.888829e+000
4.168693834703567e-007	2.454872e-006	5.888829e+000
4.365158322401883e-007	2.570567e-006	5.888829e+000
4.570881896148984e-007	2.691714e-006	5.888829e+000
4.786300923226629e-007	2.818571e-006	5.888829e+000
5.011872336272980e-007	2.951406e-006	5.888829e+000
5.248074602497995e-007	3.090501e-006	5.888829e+000
5.495408738576528e-007	3.236152e-006	5.888829e+000
5.754399373371865e-007	3.388667e-006	5.888829e+000
6.025595860743888e-007	3.548370e-006	5.888829e+000
6.309573444802258e-007	3.715600e-006	5.888829e+000
6.606934480076301e-007	3.890711e-006	5.888829e+000
6.918309709189723e-007	4.074074e-006	5.888829e+000
7.244359600750276e-007	4.266079e-006	5.888829e+000
7.585775750292232e-007	4.467133e-006	5.888829e+000
7.943282347243229e-007	4.677663e-006	5.888829e+000
8.317637711027144e-007	4.898115e-006	5.888829e+000
8.709635899561261e-007	5.128955e-006	5.888829e+000
9.120108393559574e-007	5.370676e-006	5.888829e+000
9.549925860214860e-007	5.623788e-006	5.888829e+000
1.000000000000053e-006	5.888829e-006	5.888829e+000
1.047128548050955e-006	6.166361e-006	5.888829e+000
1.096478196143243e-006	6.456972e-006	5.888829e+000
1.148153621496944e-006	6.761280e-006	5.888829e+000
1.202264434617477e-006	7.079929e-006	5.888829e+000
1.258925411794234e-006	7.413596e-006	5.888829e+000
1.318256738556477e-006	7.762988e-006	5.888829e+000
1.380384264602958e-006	8.128846e-006	5.888829e+000
1.445439770746005e-006	8.511947e-006	5.888829e+000
1.513561248436289e-006	8.913103e-006	5.888829e+000
1.584893192461198e-006	9.333165e-006	5.888829e+000
1.659586907437649e-006	9.773023e-006	5.888829e+000
1.737800828749469e-006	1.023361e-005	5.888829e+000
1.819700858610081e-006	1.071591e-005	5.888829e+000
1.905460717963350e-006	1.122093e-005	5.888829e+000
1.995262314968987e-006	1.174976e-005	5.888829e+000
2.089296130854152e-006	1.230351e-005	5.888829e+000
2.187761623949671e-006	1.288335e-005	5.888829e+000
2.290867652767897e-006	1.349053e-005	5.888829e+000
2.398832919019621e-006	1.412632e-005	5.888829e+000
2.511886431509717e-006	1.479207e-005	5.888829e+000
2.630267991895525e-006	1.548920e-005	5.888829e+000
2.754228703338316e-006	1.621918e-005	5.888829e+000
2.884031503126763e-006	1.698357e-005	5.888829e+000
3.019951720402181e-006	1.778398e-005	5.888829e+000
3.162277660168552e-006	1.862211e-005	5.888829e+000
3.311311214826092e-006	1.949974e-005	5.888829e+000
3.467368504525507e-006	2.041874e-005	5.888829e+000
3.630780547701213e-006	2.138104e-005	5.888829e+000
3.801893963205821e-006	2.238870e-005	5.888828e+000
3.981071705535191e-006	2.344385e-005	5.888828e+000
4.168693834703584e-006	2.454872e-005	5.888828e+000
4.365158322401901e-006	2.570567e-005	5.888828e+000
4.570881896149003e-006	2.691714e-005	5.888828e+000
4.786300923226648e-006	2.818570e-005	5.888828e+000
5.011872336273000e-006	2.951406e-005	5.888828e+000
5.248074602498017e-006	3.090501e-005	5.888828e+000
5.495408738576551e-006	3.236152e-005	5.888828e+000
5.754399373371890e-006	3.388667e-005	5.888828e+000
6.025595860743913e-006	3.548370e-005	5.888828e+000
6.309573444802284e-006	3.715599e-005	5.888828e+000
6.606934480076329e-006	3.890710e-005	5.888828e+000
6.918309709189751e-006	4.074074e-005	5.888828e+000
7.244359600750306e-006	4.266079e-005	5.888828e+000
7.585775750292263e-006	4.467133e-005	5.888828e+000
7.943282347243261e-006	4.677663e-005	5.888828e+000
8.317637711027177e-006	4.898114e-005	5.888828e+000
8.709635899561295e-006	5.128955e-005	5.888828e+000
9.120108393559610e-006	5.370675e-005	5.888828e+000
9.549925860214897e-006	5.623787e-005	5.888828e+000
1.000000000000056e-005	5.888828e-005	5.888828e+000
1.047128548050959e-005	6.166360e-005	5.888828e+000
1.096478196143247e-005	6.456971e-005	5.888828e+000
1.148153621496948e-005	6.761279e-005	5.888828e+000
1.202264434617481e-005	7.079928e-005	5.888828e+000
1.258925411794239e-005	7.413595e-005	5.888828e+000
1.318256738556482e-005	7.762987e-005	5.888828e+000
1.380384264602964e-005	8.128845e-005	5.888827e+000
1.445439770746010e-005	8.511946e-005	5.888827e+000
1.513561248436295e-005	8.913101e-005	5.888827e+000
1.584893192461204e-005	9.333163e-005	5.888827e+000
1.659586907437656e-005	9.773020e-005	5.888827e+000
1.737800828749475e-005	1.023361e-004	5.888827e+000
1.819700858610088e-005	1.071590e-004	5.888827e+000
1.905460717963357e-005	1.122093e-004	5.888827e+000
1.995262314968994e-005	1.174975e-004	5.888827e+000
2.089296130854160e-005	1.230350e-004	5.888827e+000
2.187761623949678e-005	1.288335e-004	5.888827e+000
2.290867652767905e-005	1.349052e-004	5.888826e+000
2.398832919019629e-005	1.412631e-004	5.888826e+000
2.511886431509725e-005	1.479206e-004	5.888826e+000
2.630267991895534e-005	1.548919e-004	5.888826e+000
2.754228703338326e-005	1.621917e-004	5.888826e+000
2.884031503126773e-005	1.698356e-004	5.888826e+000
3.019951720402191e-005	1.778397e-004	5.888826e+000
3.162277660168563e-005	1.862210e-004	5.888826e+000
3.311311214826104e-005	1.949973e-004	5.888825e+000
3.467368504525518e-005	2.041873e-004	5.888825e+000
3.630780547701225e-005	2.138103e-004	5.888825e+000
3.801893963205833e-005	2.238869e-004	5.888825e+000
3.981071705535205e-005	2.344383e-004	5.888825e+000
4.168693834703597e-005	2.454871e-004	5.888825e+000
4.365158322401915e-005	2.570565e-004	5.888824e+000
4.570881896149018e-005	2.691712e-004	5.888824e+000
4.786300923226664e-005	2.818568e-004	5.888824e+000
5.011872336273017e-005	2.951403e-004	5.888824e+000
5.248074602498034e-005	3.090499e-004	5.888824e+000
5.495408738576569e-005	3.236149e-004	5.888824e+000
5.754399373371908e-005	3.388664e-004	5.888823e+000
6.025595860743932e-005	3.548367e-004	5.888823e+000
6.309573444802305e-005	3.715596e-004	5.888823e+000
6.606934480076351e-005	3.890706e-004	5.888822e+000
6.918309709189775e-005	4.074069e-004	5.888822e+000
7.244359600750330e-005	4.266074e-004	5.888822e+000
7.585775750292289e-005	4.467128e-004	5.888821e+000
7.943282347243288e-005	4.677657e-004	5.888821e+000
8.317637711027206e-005	4.898108e-004	5.888821e+000
8.709635899561327e-005	5.128948e-004	5.888820e+000
9.120108393559644e-005	5.370667e-004	5.888820e+000
9.549925860214933e-005	5.623779e-004	5.888819e+000
1.000000000000060e-004	5.888819e-004	5.888819e+000
1.047128548050963e-004	6.166350e-004	5.888818e+000
1.096478196143251e-004	6.456961e-004	5.888818e+000
1.148153621496952e-004	6.761267e-004	5.888817e+000
1.202264434617486e-004	7.079915e-004	5.888817e+000
1.258925411794243e-004	7.413580e-004	5.888816e+000
1.318256738556487e-004	7.762971e-004	5.888816e+000
1.380384264602968e-004	8.128828e-004	5.888815e+000
1.445439770746015e-004	8.511926e-004	5.888814e+000
1.513561248436300e-004	8.913080e-004	5.888814e+000
1.584893192461210e-004	9.333140e-004	5.888813e+000
1.659586907437662e-004	9.772995e-004	5.888812e+000
1.737800828749481e-004	1.023358e-003	5.888812e+000
1.819700858610094e-004	1.071587e-003	5.888811e+000
1.905460717963363e-004	1.122090e-003	5.888810e+000
1.995262314969001e-004	1.174972e-003	5.888809e+000
2.089296130854167e-004	1.230346e-003	5.888808e+000
2.187761623949686e-004	1.288331e-003	5.888807e+000
2.290867652767913e-004	1.349048e-003	5.888806e+000
2.398832919019637e-004	1.412626e-003	5.888805e+000
2.511886431509734e-004	1.479201e-003	5.888804e+000
2.630267991895544e-004	1.548913e-003	5.888803e+000
2.754228703338336e-004	1.621911e-003	5.888801e+000
2.884031503126783e-004	1.698348e-003	5.888800e+000
3.019951720402202e-004	1.778389e-003	5.888799e+000
3.162277660168575e-004	1.862201e-003	5.888797e+000
3.311311214826115e-004	1.949964e-003	5.888796e+000
3.467368504525531e-004	2.041862e-003	5.888794e+000
3.630780547701238e-004	2.138091e-003	5.888793e+000
3.801893963205847e-004	2.238856e-003	5.888791e+000
3.981071705535219e-004	2.344369e-003	5.888789e+000
4.168693834703613e-004	2.454855e-003	5.888787e+000
4.365158322401931e-004	2.570548e-003	5.888785e+000
4.570881896149035e-004	2.691693e-003	5.888783e+000
4.786300923226681e-004	2.818548e-003	5.888781e+000
5.011872336273035e-004	2.951381e-003	5.888779e+000
5.248074602498054e-004	3.090474e-003	5.888776e+000
5.495408738576589e-004	3.236122e-003	5.888774e+000
5.754399373371930e-004	3.388634e-003	5.888771e+000
6.025595860743955e-004	3.548334e-003	5.888769e+000
6.309573444802329e-004	3.715560e-003	5.888766e+000
6.606934480076376e-004	3.890667e-003	5.888763e+000
6.918309709189800e-004	4.074026e-003	5.888760e+000
7.244359600750357e-004	4.266027e-003	5.888756e+000
7.585775750292316e-004	4.467076e-003	5.888753e+000
7.943282347243316e-004	4.677600e-003	5.888749e+000
8.317637711027236e-004	4.898045e-003	5.888746e+000
8.709635899561357e-004	5.128880e-003	5.888741e+000
9.120108393559674e-004	5.370593e-003	5.888738e+000
9.549925860214964e-004	5.623696e-003	5.888733e+000
1.000000000000063e-003	5.888729e-003	5.888729e+000
1.047128548050966e-003	6.166251e-003	5.888724e+000
1.096478196143255e-003	6.456852e-003	5.888719e+000
1.148153621496956e-003	6.761148e-003	5.888714e+000
1.202264434617490e-003	7.079785e-003	5.888709e+000
1.258925411794248e-003	7.413438e-003	5.888703e+000
1.318256738556491e-003	7.762814e-003	5.888697e+000
1.380384264602973e-003	8.128656e-003	5.888690e+000
1.445439770746020e-003	8.511738e-003	5.888684e+000
1.513561248436305e-003	8.912873e-003	5.888677e+000
1.584893192461215e-003	9.332913e-003	5.888670e+000
1.659586907437667e-003	9.772748e-003	5.888663e+000
1.737800828749487e-003	1.023331e-002	5.888655e+000
1.819700858610100e-003	1.071557e-002	5.888647e+000
1.905460717963370e-003	1.122057e-002	5.888638e+000
1.995262314969008e-003	1.174936e-002	5.888629e+000
2.089296130854174e-003	1.230307e-002	5.888619e+000
2.187761623949694e-003	1.288287e-002	5.888610e+000
2.290867652767921e-003	1.349000e-002	5.888599e+000
2.398832919019646e-003	1.412574e-002	5.888588e+000
2.511886431509743e-003	1.479144e-002	5.888577e+000
2.630267991895553e-003	1.548850e-002	5.888565e+000
2.754228703338346e-003	1.621842e-002	5.888553e+000
2.884031503126794e-003	1.698273e-002	5.888540e+000
3.019951720402213e-003	1.778306e-002	5.888526e+000
3.162277660168586e-003	1.862111e-002	5.888512e+000
3.311311214826127e-003	1.949865e-002	5.888497e+000
3.467368504525543e-003	2.041753e-002	5.888481e+000
3.630780547701251e-003	2.137972e-002	5.888465e+000
3.801893963205861e-003	2.238725e-002	5.888448e+000
3.981071705535234e-003	2.344226e-002	5.888430e+000
4.168693834703628e-003	2.454698e-002	5.888411e+000
4.365158322401946e-003	2.570376e-002	5.888391e+000
4.570881896149051e-003	2.691505e-002	5.888371e+000
4.786300923226699e-003	2.818341e-002	5.888349e+000
5.011872336273053e-003	2.951154e-002	5.888326e+000
5.248074602498072e-003	3.090225e-002	5.888302e+000
5.495408738576609e-003	3.235849e-002	5.888277e+000
5.754399373371950e-003	3.388335e-002	5.888251e+000
6.025595860743977e-003	3.548006e-002	5.888224e+000
6.309573444802351e-003	3.715200e-002	5.888195e+000
6.606934480076399e-003	3.890272e-002	5.888165e+000
6.918309709189825e-003	4.073593e-002	5.888134e+000
7.244359600750383e-003	4.265552e-002	5.888101e+000
7.585775750292343e-003	4.466555e-002	5.888066e+000
7.943282347243345e-003	4.677029e-002	5.888030e+000
8.317637711027266e-003	4.897419e-002	5.887992e+000
8.709635899561389e-003	5.128193e-002	5.887953e+000
9.120108393559709e-003	5.369839e-002	5.887911e+000
9.549925860215001e-003	5.622870e-002	5.887867e+000
1.000000000000067e-002	5.887822e-002	5.887822e+000
1.047128548050970e-002	6.165256e-002	5.887774e+000
1.096478196143259e-002	6.455760e-002	5.887723e+000
1.148153621496960e-002	6.759951e-002	5.887671e+000
1.202264434617494e-002	7.078471e-002	5.887616e+000
1.258925411794253e-002	7.411996e-002	5.887558e+000
1.318256738556497e-002	7.761233e-002	5.887497e+000
1.380384264602979e-002	8.126920e-002	5.887434e+000
1.445439770746026e-002	8.509833e-002	5.887366e+000
1.513561248436311e-002	8.910783e-002	5.887296e+000
1.584893192461221e-002	9.330618e-002	5.887222e+000
1.659586907437674e-002	9.770229e-002	5.887145e+000
1.737800828749494e-002	1.023054e-001	5.887064e+000
1.819700858610108e-002	1.071254e-001	5.886978e+000
1.905460717963377e-002	1.121723e-001	5.886888e+000
1.995262314969016e-002	1.174570e-001	5.886792e+000
2.089296130854182e-002	1.229904e-001	5.886692e+000
2.187761623949702e-002	1.287845e-001	5.886587e+000
2.290867652767930e-002	1.348514e-001	5.886475e+000
2.398832919019655e-002	1.412039e-001	5.886357e+000
2.511886431509753e-002	1.478554e-001	5.886231e+000
2.630267991895563e-002	1.548202e-001	5.886098e+000
2.754228703338356e-002	1.621127e-001	5.885956e+000
2.884031503126805e-002	1.697485e-001	5.885805e+000
3.019951720402224e-002	1.777436e-001	5.885643e+000
3.162277660168598e-002	1.861148e-001	5.885468e+000
3.311311214826140e-002	1.948799e-001	5.885278e+000
3.467368504525556e-002	2.040571e-001	5.885071e+000
3.630780547701264e-002	2.136658e-001	5.884844e+000
3.801893963205875e-002	2.237259e-001	5.884592e+000
3.981071705535248e-002	2.342585e-001	5.884308e+000
4.168693834703643e-002	2.452853e-001	5.883986e+000
4.365158322401962e-002	2.568290e-001	5.883613e+000
4.570881896149068e-002	2.689130e-001	5.883175e+000
4.786300923226716e-002	2.815613e-001	5.882650e+000
5.011872336273072e-002	2.947987e-001	5.882007e+000
5.248074602498092e-002	3.086498e-001	5.881201e+000
5.495408738576629e-002	3.231391e-001	5.880166e+000
5.754399373371971e-002	3.382897e-001	5.878802e+000
6.025595860743999e-002	3.541219e-001	5.876960e+000
6.309573444802374e-002	3.706501e-001	5.874408e+000
6.606934480076424e-002	3.878787e-001	5.870782e+000
6.918309709189850e-002	4.057934e-001	5.865499e+000
7.244359600750409e-002	4.243464e-001	5.857611e+000
7.585775750292371e-002	4.434312e-001	5.845562e+000
7.943282347243375e-002	4.628406e-001	5.826818e+000
8.317637711027297e-002	4.822082e-001	5.797418e+000
8.709635899561422e-002	5.009620e-001	5.751813e+000
9.120108393559742e-002	5.183740e-001	5.683858e+000
9.549925860215035e-002	5.337842e-001	5.589406e+000
1.000000000000071e-001	5.468769e-001	5.468769e+000
1.047128548050974e-001	5.577411e-001	5.326386e+000
1.096478196143263e-001	5.667039e-001	5.168401e+000
1.148153621496964e-001	5.741417e-001	5.000566e+000
1.202264434617498e-001	5.803857e-001	4.827438e+000
1.258925411794257e-001	5.856943e-001	4.652335e+000
1.318256738556501e-001	5.902668e-001	4.477632e+000
1.380384264602983e-001	5.942506e-001	4.304965e+000
1.445439770746031e-001	5.977573e-001	4.135470e+000
1.513561248436316e-001	6.008696e-001	3.969906e+000
1.584893192461227e-001	6.036552e-001	3.808806e+000
1.659586907437679e-001	6.061642e-001	3.652500e+000
1.737800828749500e-001	6.084372e-001	3.501191e+000
1.819700858610114e-001	6.105070e-001	3.354985e+000
1.905460717963384e-001	6.123998e-001	3.213920e+000
1.995262314969023e-001	6.141376e-001	3.077980e+000
2.089296130854189e-001	6.157387e-001	2.947111e+000
2.187761623949710e-001	6.172183e-001	2.821232e+000
2.290867652767938e-001	6.185880e-001	2.700234e+000
2.398832919019663e-001	6.198608e-001	2.584010e+000
2.511886431509761e-001	6.210455e-001	2.472426e+000
2.630267991895572e-001	6.221502e-001	2.365349e+000
2.754228703338366e-001	6.231823e-001	2.262638e+000
2.884031503126815e-001	6.241480e-001	2.164151e+000
3.019951720402235e-001	6.250529e-001	2.069745e+000
3.162277660168609e-001	6.259019e-001	1.979276e+000
3.311311214826151e-001	6.266994e-001	1.892602e+000
3.467368504525569e-001	6.274495e-001	1.809584e+000
3.630780547701278e-001	6.281555e-001	1.730084e+000
3.801893963205889e-001	6.288208e-001	1.653967e+000
3.981071705535263e-001	6.294482e-001	1.581102e+000
4.168693834703658e-001	6.300403e-001	1.511361e+000
4.365158322401979e-001	6.305996e-001	1.444620e+000
4.570881896149084e-001	6.311282e-001	1.380758e+000
4.786300923226733e-001	6.316282e-001	1.319658e+000
5.011872336273090e-001	6.321013e-001	1.261208e+000
5.248074602498111e-001	6.325481e-001	1.205295e+000
5.495408738576649e-001	6.329721e-001	1.151820e+000
5.754399373371992e-001	6.333740e-001	1.100678e+000
6.025595860744021e-001	6.337550e-001	1.051771e+000
6.309573444802398e-001	6.341163e-001	1.005007e+000
6.606934480076447e-001	6.344591e-001	9.602928e-001
6.918309709189876e-001	6.347845e-001	9.175428e-001
7.244359600750436e-001	6.350935e-001	8.766730e-001
7.585775750292400e-001	6.353869e-001	8.376030e-001
7.943282347243403e-001	6.356657e-001	8.002557e-001
8.317637711027327e-001	6.359305e-001	7.645567e-001
8.709635899561453e-001	6.361824e-001	7.304351e-001
9.120108393559775e-001	6.364218e-001	6.978226e-001
9.549925860215069e-001	6.366494e-001	6.666538e-001
1.000000000000074e+000	6.368660e-001	6.368660e-001
1.047128548050978e+000	6.370720e-001	6.083991e-001
1.096478196143267e+000	6.372681e-001	5.811954e-001
1.148153621496969e+000	6.374547e-001	5.551999e-001
1.202264434617503e+000	6.376324e-001	5.303595e-001
1.258925411794261e+000	6.378015e-001	5.066237e-001
1.318256738556506e+000	6.379625e-001	4.839441e-001
1.380384264602988e+000	6.381159e-001	4.622741e-001
1.445439770746036e+000	6.382620e-001	4.415694e-001
1.513561248436322e+000	6.384011e-001	4.217874e-001
1.584893192461232e+000	6.385337e-001	4.028875e-001
1.659586907437685e+000	6.386600e-001	3.848307e-001
1.737800828749506e+000	6.387804e-001	3.675798e-001
1.819700858610120e+000	6.388952e-001	3.510990e-001
1.905460717963391e+000	6.390045e-001	3.353544e-001
1.995262314969030e+000	6.391088e-001	3.203132e-001
2.089296130854197e+000	6.392082e-001	3.059443e-001
2.187761623949718e+000	6.393030e-001	2.922178e-001
2.290867652767947e+000	6.393933e-001	2.791053e-001
2.398832919019672e+000	6.394795e-001	2.665794e-001
2.511886431509771e+000	6.395617e-001	2.546141e-001
2.630267991895582e+000	6.396400e-001	2.431844e-001
2.754228703338376e+000	6.397148e-001	2.322664e-001
2.884031503126825e+000	6.397861e-001	2.218374e-001
3.019951720402246e+000	6.398541e-001	2.118756e-001
3.162277660168620e+000	6.399190e-001	2.023602e-001
3.311311214826163e+000	6.399810e-001	1.932712e-001
3.467368504525581e+000	6.400400e-001	1.845896e-001
3.630780547701291e+000	6.400964e-001	1.762972e-001
3.801893963205902e+000	6.401489e-001	1.683763e-001
3.981071705535277e+000	6.402002e-001	1.608110e-001
4.168693834703674e+000	6.402491e-001	1.535850e-001
4.365158322401995e+000	6.402957e-001	1.466833e-001
4.570881896149102e+000	6.403402e-001	1.400912e-001
4.786300923226752e+000	6.403827e-001	1.337949e-001
5.011872336273109e+000	6.404232e-001	1.277812e-001
5.248074602498131e+000	6.404619e-001	1.220375e-001
5.495408738576670e+000	6.404988e-001	1.165516e-001
5.754399373372015e+000	6.405341e-001	1.113121e-001
6.025595860744044e+000	6.405677e-001	1.063078e-001
6.309573444802422e+000	6.405998e-001	1.015282e-001
6.606934480076473e+000	6.406305e-001	9.696335e-002
6.918309709189902e+000	6.406597e-001	9.260350e-002
7.244359600750464e+000	6.406876e-001	8.843951e-002
7.585775750292428e+000	6.407143e-001	8.446259e-002
7.943282347243434e+000	6.407397e-001	8.066435e-002
8.317637711027359e+000	6.407640e-001	7.703678e-002
8.709635899561487e+000	6.407872e-001	7.357221e-002
9.120108393559811e+000	6.408093e-001	7.026334e-002
9.549925860215106e+000	6.408304e-001	6.710318e-002
1.000000000000078e+001	6.408506e-001	6.408506e-002
1.047128548050982e+001	6.408698e-001	6.120259e-002
1.096478196143271e+001	6.408882e-001	5.844970e-002
1.148153621496973e+001	6.409057e-001	5.582056e-002
1.202264434617508e+001	6.409225e-001	5.330961e-002
1.258925411794266e+001	6.409385e-001	5.091155e-002
1.318256738556511e+001	6.409538e-001	4.862132e-002
1.380384264602994e+001	6.409683e-001	4.643405e-002
1.445439770746042e+001	6.409823e-001	4.434514e-002
1.513561248436328e+001	6.409956e-001	4.235016e-002
1.584893192461239e+001	6.410083e-001	4.044488e-002
1.659586907437692e+001	6.410204e-001	3.862530e-002
1.737800828749513e+001	6.410319e-001	3.688754e-002
1.819700858610128e+001	6.410429e-001	3.522793e-002
1.905460717963398e+001	6.410535e-001	3.364297e-002
1.995262314969038e+001	6.410636e-001	3.212929e-002
2.089296130854205e+001	6.410732e-001	3.068369e-002
2.187761623949726e+001	6.410824e-001	2.930312e-002
2.290867652767955e+001	6.410912e-001	2.798464e-002
2.398832919019681e+001	6.410995e-001	2.672548e-002
2.511886431509780e+001	6.411075e-001	2.552295e-002
2.630267991895591e+001	6.411151e-001	2.437452e-002
2.754228703338386e+001	6.411224e-001	2.327775e-002
2.884031503126836e+001	6.411294e-001	2.223032e-002
3.019951720402257e+001	6.411361e-001	2.123001e-002
3.162277660168632e+001	6.411424e-001	2.027470e-002
3.311311214826176e+001	6.411484e-001	1.936237e-002
3.467368504525594e+001	6.411542e-001	1.849109e-002
3.630780547701305e+001	6.411597e-001	1.765900e-002
3.801893963205917e+001	6.411650e-001	1.686436e-002
3.981071705535292e+001	6.411701e-001	1.610546e-002
4.168693834703689e+001	6.411749e-001	1.538071e-002
4.365158322402011e+001	6.411794e-001	1.468857e-002
4.570881896149118e+001	6.411839e-001	1.402757e-002
4.786300923226769e+001	6.411880e-001	1.339632e-002
5.011872336273127e+001	6.411920e-001	1.279346e-002
5.248074602498150e+001	6.411958e-001	1.221773e-002
5.495408738576690e+001	6.411995e-001	1.166791e-002
5.754399373372035e+001	6.412030e-001	1.114283e-002
6.025595860744065e+001	6.412063e-001	1.064138e-002
6.309573444802444e+001	6.412095e-001	1.016249e-002
6.606934480076495e+001	6.412125e-001	9.705144e-003
6.918309709189926e+001	6.412154e-001	9.268383e-003
7.244359600750488e+001	6.412182e-001	8.851275e-003
7.585775750292453e+001	6.412208e-001	8.452937e-003
7.943282347243459e+001	6.412234e-001	8.072523e-003
8.317637711027385e+001	6.412258e-001	7.709229e-003
8.709635899561513e+001	6.412281e-001	7.362283e-003
9.120108393559839e+001	6.412302e-001	7.030950e-003
9.549925860215137e+001	6.412324e-001	6.714527e-003
1.000000000000082e+002	6.412343e-001	6.412344e-003
1.047128548050985e+002	6.412362e-001	6.123759e-003
1.096478196143275e+002	6.412381e-001	5.848161e-003
1.148153621496977e+002	6.412398e-001	5.584965e-003
1.202264434617511e+002	6.412415e-001	5.333615e-003
1.258925411794270e+002	6.412431e-001	5.093575e-003
1.318256738556515e+002	6.412446e-001	4.864338e-003
1.380384264602998e+002	6.412461e-001	4.645417e-003
1.445439770746046e+002	6.412475e-001	4.436349e-003
1.513561248436333e+002	6.412488e-001	4.236689e-003
1.584893192461244e+002	6.412500e-001	4.046014e-003
1.659586907437698e+002	6.412513e-001	3.863921e-003
1.737800828749519e+002	6.412524e-001	3.690022e-003
1.819700858610134e+002	6.412535e-001	3.523950e-003
1.905460717963405e+002	6.412545e-001	3.365352e-003
1.995262314969045e+002	6.412556e-001	3.213891e-003
2.089296130854213e+002	6.412565e-001	3.069247e-003
2.187761623949734e+002	6.412574e-001	2.931112e-003
2.290867652767963e+002	6.412583e-001	2.799194e-003
2.398832919019690e+002	6.412591e-001	2.673213e-003
2.511886431509789e+002	6.412599e-001	2.552902e-003
2.630267991895601e+002	6.412607e-001	2.438005e-003
2.754228703338396e+002	6.412614e-001	2.328279e-003
2.884031503126847e+002	6.412621e-001	2.223492e-003
3.019951720402269e+002	6.412628e-001	2.123421e-003
3.162277660168644e+002	6.412634e-001	2.027853e-003
3.311311214826188e+002	6.412640e-001	1.936586e-003
3.467368504525607e+002	6.412646e-001	1.849427e-003
3.630780547701318e+002	6.412652e-001	1.766191e-003
3.801893963205931e+002	6.412657e-001	1.686701e-003
3.981071705535307e+002	6.412662e-001	1.610788e-003
4.168693834703705e+002	6.412666e-001	1.538292e-003
4.365158322402027e+002	6.412671e-001	1.469058e-003
4.570881896149135e+002	6.412675e-001	1.402940e-003
4.786300923226787e+002	6.412680e-001	1.339799e-003
5.011872336273146e+002	6.412684e-001	1.279499e-003
5.248074602498169e+002	6.412687e-001	1.221912e-003
5.495408738576710e+002	6.412691e-001	1.166918e-003
5.754399373372056e+002	6.412694e-001	1.114399e-003
6.025595860744088e+002	6.412698e-001	1.064243e-003
6.309573444802468e+002	6.412701e-001	1.016345e-003
6.606934480076521e+002	6.412704e-001	9.706020e-004
6.918309709189953e+002	6.412707e-001	9.269182e-004
7.244359600750516e+002	6.412710e-001	8.852003e-004
7.585775750292484e+002	6.412712e-001	8.453601e-004
7.943282347243492e+002	6.412715e-001	8.073130e-004
8.317637711027419e+002	6.412717e-001	7.709782e-004
8.709635899561549e+002	6.412719e-001	7.362787e-004
9.120108393559876e+002	6.412722e-001	7.031410e-004
9.549925860215176e+002	6.412724e-001	6.714946e-004
1.000000000000000e+003	6.412726e-001	6.412726e-004
