time	V(receiver)
0.000000000000000e+000	5.852800e-004
9.765624753299562e-009	9.368888e-004
1.953124950659912e-008	1.684541e-003
2.929687450659912e-008	3.055403e-003
3.906249950659912e-008	5.492900e-003
4.882812450659912e-008	9.640482e-003
5.859374950659912e-008	1.618932e-002
6.835937450659912e-008	2.589162e-002
7.812499950659912e-008	3.951577e-002
8.789062450659912e-008	5.780080e-002
9.765624950659912e-008	8.141243e-002
1.074218745065991e-007	1.109027e-001
1.171874995065991e-007	1.466753e-001
1.269531245065991e-007	1.889572e-001
1.367187495065991e-007	2.377798e-001
1.464843745065991e-007	2.929682e-001
1.562499995065991e-007	3.541403e-001
1.660156245065991e-007	4.207157e-001
1.757812495065991e-007	4.919324e-001
1.855468745065991e-007	5.668734e-001
1.953124995065991e-007	6.444982e-001
2.050781245065991e-007	7.236806e-001
2.246093745065991e-007	8.820313e-001
2.343749995065991e-007	9.588920e-001
2.441406245065991e-007	1.032777e+000
2.539062495065991e-007	1.102744e+000
2.636718745065991e-007	1.167998e+000
2.734374995065992e-007	1.227908e+000
2.832031245065992e-007	1.282026e+000
2.929687495065992e-007	1.330094e+000
3.027343745065992e-007	1.372036e+000
3.124999995065993e-007	1.407956e+000
3.222656245065993e-007	1.438116e+000
3.320312495065993e-007	1.462909e+000
3.417968745065993e-007	1.482836e+000
3.515624995065994e-007	1.498466e+000
3.613281245065994e-007	1.510403e+000
3.710937495065994e-007	1.519251e+000
3.808593745065994e-007	1.525577e+000
3.906249995065995e-007	1.529880e+000
4.003906245065995e-007	1.532563e+000
4.101562495065995e-007	1.533911e+000
4.199218745065995e-007	1.534078e+000
4.296874995065996e-007	1.533075e+000
4.394531245065996e-007	1.530772e+000
4.492187495065996e-007	1.526906e+000
4.589843745065996e-007	1.521090e+000
4.687499995065997e-007	1.512840e+000
4.785156245065997e-007	1.501592e+000
4.980468745065997e-007	1.467657e+000
5.078124995065998e-007	1.443741e+000
5.175781245065998e-007	1.414436e+000
5.273437495065998e-007	1.379265e+000
5.371093745065999e-007	1.337858e+000
5.468749995065999e-007	1.289974e+000
5.566406245065999e-007	1.235516e+000
5.664062495065999e-007	1.174538e+000
5.761718745066000e-007	1.107255e+000
5.859374995066000e-007	1.034033e+000
5.957031245066000e-007	9.553814e-001
6.054687495066000e-007	8.719353e-001
6.152343745066001e-007	7.844361e-001
6.249999995066001e-007	6.937043e-001
6.445312495066001e-007	5.060502e-001
6.542968745066002e-007	4.109031e-001
6.640624995066002e-007	3.160149e-001
6.738281245066002e-007	2.221650e-001
6.835937495066002e-007	1.300444e-001
6.933593745066003e-007	4.023778e-002
7.031249995066003e-007	-4.678966e-002
7.128906245066003e-007	-1.306995e-001
7.226562495066003e-007	-2.112814e-001
7.324218745066004e-007	-2.884478e-001
7.421874995066004e-007	-3.622243e-001
7.519531245066004e-007	-4.327335e-001
7.617187495066004e-007	-5.001765e-001
7.714843745066005e-007	-5.648099e-001
7.812499995066005e-007	-6.269209e-001
7.910156245066005e-007	-6.868031e-001
8.007812495066005e-007	-7.447309e-001
8.105468745066006e-007	-8.009373e-001
8.203124995066006e-007	-8.555926e-001
8.300781245066006e-007	-9.087891e-001
8.398437495066006e-007	-9.605281e-001
8.496093745066007e-007	-1.010714e+000
8.593749995066007e-007	-1.059150e+000
8.691406245066007e-007	-1.105545e+000
8.789062495066007e-007	-1.149521e+000
8.886718745066008e-007	-1.190624e+000
8.984374995066008e-007	-1.228346e+000
9.179687495066009e-007	-1.291447e+000
9.277343745066009e-007	-1.315716e+000
9.374999995066009e-007	-1.334430e+000
9.472656245066009e-007	-1.347127e+000
9.570312495066010e-007	-1.353421e+000
9.667968745066010e-007	-1.353018e+000
9.765624995066010e-007	-1.345731e+000
9.863281245066010e-007	-1.331487e+000
9.960937495066011e-007	-1.310332e+000
1.005859374506601e-006	-1.282432e+000
1.015624999506601e-006	-1.248064e+000
1.025390624506601e-006	-1.207609e+000
1.035156249506601e-006	-1.161536e+000
1.044921874506601e-006	-1.110388e+000
1.054687499506601e-006	-1.054759e+000
1.074218749506601e-006	-9.325722e-001
1.083984374506601e-006	-8.672740e-001
1.093749999506601e-006	-7.999746e-001
1.103515624506601e-006	-7.312191e-001
1.113281249506601e-006	-6.614902e-001
1.123046874506601e-006	-5.911970e-001
1.132812499506601e-006	-5.206683e-001
1.142578124506601e-006	-4.501502e-001
1.152343749506602e-006	-3.798076e-001
1.162109374506602e-006	-3.097300e-001
1.171874999506602e-006	-2.399410e-001
1.181640624506602e-006	-1.704106e-001
1.201171874506602e-006	-3.183051e-002
1.210937499506602e-006	3.740428e-002
1.220703124506602e-006	1.067156e-001
1.230468749506602e-006	1.761560e-001
1.240234374506602e-006	2.457338e-001
1.249999999506602e-006	3.154011e-001
1.259765624506602e-006	3.850447e-001
1.269531249506602e-006	4.544797e-001
1.279296874506602e-006	5.234481e-001
1.289062499506602e-006	5.916200e-001
1.298828124506602e-006	6.585996e-001
1.308593749506602e-006	7.239332e-001
1.318359374506602e-006	7.871221e-001
1.328124999506602e-006	8.476360e-001
1.337890624506602e-006	9.049296e-001
1.347656249506602e-006	9.584596e-001
1.357421874506602e-006	1.007702e+000
1.367187499506602e-006	1.052168e+000
1.376953124506602e-006	1.091422e+000
1.386718749506602e-006	1.125092e+000
1.396484374506602e-006	1.152882e+000
1.406249999506602e-006	1.174582e+000
1.416015624506602e-006	1.190069e+000
1.425781249506602e-006	1.199310e+000
1.435546874506602e-006	1.202360e+000
1.445312499506602e-006	1.199356e+000
1.455078124506602e-006	1.190508e+000
1.464843749506602e-006	1.176090e+000
1.474609374506602e-006	1.156425e+000
1.494140624506602e-006	1.102805e+000
1.503906249506602e-006	1.069611e+000
1.513671874506602e-006	1.032665e+000
1.523437499506602e-006	9.923186e-001
1.533203124506603e-006	9.488932e-001
1.542968749506603e-006	9.026683e-001
1.552734374506603e-006	8.538767e-001
1.562499999506603e-006	8.027019e-001
1.572265624506603e-006	7.492777e-001
1.582031249506603e-006	6.936921e-001
1.591796874506603e-006	6.359922e-001
1.601562499506603e-006	5.761930e-001
1.611328124506603e-006	5.142870e-001
1.621093749506603e-006	4.502556e-001
1.630859374506603e-006	3.840812e-001
1.640624999506603e-006	3.157595e-001
1.650390624506603e-006	2.453112e-001
1.660156249506603e-006	1.727927e-001
1.669921874506603e-006	9.830530e-002
1.679687499506603e-006	2.200188e-002
1.689453124506603e-006	-5.590799e-002
1.699218749506603e-006	-1.351562e-001
1.708984374506603e-006	-2.154168e-001
1.718749999506603e-006	-2.963094e-001
1.728515624506603e-006	-3.774045e-001
1.738281249506603e-006	-4.582328e-001
1.748046874506603e-006	-5.382942e-001
1.757812499506603e-006	-6.170697e-001
1.777343749506603e-006	-7.686684e-001
1.787109374506603e-006	-8.404729e-001
1.796874999506603e-006	-9.089789e-001
1.806640624506603e-006	-9.737593e-001
1.816406249506603e-006	-1.034438e+000
1.826171874506603e-006	-1.090696e+000
1.835937499506603e-006	-1.142278e+000
1.845703124506603e-006	-1.188993e+000
1.855468749506603e-006	-1.230714e+000
1.865234374506603e-006	-1.267377e+000
1.874999999506603e-006	-1.298973e+000
1.884765624506603e-006	-1.325548e+000
1.894531249506603e-006	-1.347185e+000
1.914062499506603e-006	-1.376144e+000
1.933593749506603e-006	-1.387009e+000
1.953124999506603e-006	-1.380989e+000
1.962890624506603e-006	-1.371971e+000
1.972656249506603e-006	-1.359076e+000
1.982421874506603e-006	-1.342368e+000
2.001953124506604e-006	-1.297627e+000
2.021484374506604e-006	-1.237744e+000
2.041015624506604e-006	-1.162460e+000
2.060546874506604e-006	-1.071486e+000
2.070312499506604e-006	-1.020084e+000
2.080078124506604e-006	-9.647769e-001
2.089843749506604e-006	-9.056396e-001
2.099609374506604e-006	-8.427910e-001
2.109374999506604e-006	-7.763981e-001
2.119140624506604e-006	-7.066783e-001
2.128906249506604e-006	-6.338990e-001
2.138671874506604e-006	-5.583757e-001
2.148437499506604e-006	-4.804685e-001
2.158203124506604e-006	-4.005763e-001
2.167968749506604e-006	-3.191300e-001
2.177734374506604e-006	-2.365843e-001
2.197265624506604e-006	-7.007786e-002
2.207031249506604e-006	1.293751e-002
2.216796874506604e-006	9.518009e-002
2.226562499506604e-006	1.762142e-001
2.236328124506604e-006	2.556330e-001
2.246093749506604e-006	3.330649e-001
2.255859374506604e-006	4.081776e-001
2.265624999506604e-006	4.806809e-001
2.275390624506604e-006	5.503278e-001
2.285156249506604e-006	6.169137e-001
2.294921874506604e-006	6.802743e-001
2.304687499506604e-006	7.402815e-001
2.314453124506604e-006	7.968385e-001
2.324218749506604e-006	8.498743e-001
2.333984374506604e-006	8.993365e-001
2.343749999506604e-006	9.451853e-001
2.353515624506604e-006	9.873866e-001
2.363281249506604e-006	1.025906e+000
2.373046874506605e-006	1.060703e+000
2.382812499506605e-006	1.091727e+000
2.392578124506605e-006	1.118915e+000
2.402343749506605e-006	1.142188e+000
2.412109374506605e-006	1.161453e+000
2.421874999506605e-006	1.176601e+000
2.431640624506605e-006	1.187513e+000
2.441406249506605e-006	1.194063e+000
2.451171874506605e-006	1.196121e+000
2.470703124506605e-006	1.186266e+000
2.490234374506605e-006	1.157091e+000
2.499999999506605e-006	1.135084e+000
2.509765624506605e-006	1.108099e+000
2.519531249506605e-006	1.076158e+000
2.529296874506605e-006	1.039326e+000
2.539062499506605e-006	9.977142e-001
2.548828124506605e-006	9.514745e-001
2.558593749506605e-006	9.008054e-001
2.568359374506605e-006	8.459460e-001
2.578124999506605e-006	7.871739e-001
2.587890624506605e-006	7.248003e-001
2.597656249506605e-006	6.591647e-001
2.607421874506605e-006	5.906278e-001
2.617187499506605e-006	5.195657e-001
2.626953124506605e-006	4.463622e-001
2.636718749506605e-006	3.714028e-001
2.646484374506605e-006	2.950676e-001
2.656249999506605e-006	2.177260e-001
2.666015624506605e-006	1.397316e-001
2.675781249506605e-006	6.141842e-002
2.685546874506605e-006	-1.690183e-002
2.695312499506605e-006	-9.494124e-002
2.705078124506605e-006	-1.724360e-001
2.714843749506605e-006	-2.491457e-001
2.734374999506605e-006	-3.993515e-001
2.753906249506605e-006	-5.440064e-001
2.763671874506606e-006	-6.138187e-001
2.773437499506606e-006	-6.817333e-001
2.783203124506606e-006	-7.475837e-001
2.792968749506606e-006	-8.111987e-001
2.802734374506606e-006	-8.723992e-001
2.812499999506606e-006	-9.309966e-001
2.822265624506606e-006	-9.867916e-001
2.832031249506606e-006	-1.039574e+000
2.841796874506606e-006	-1.089124e+000
2.851562499506606e-006	-1.135214e+000
2.871093749506606e-006	-1.216088e+000
2.890624999506606e-006	-1.280355e+000
2.910156249506606e-006	-1.326317e+000
2.919921874506606e-006	-1.341980e+000
2.929687499506606e-006	-1.352572e+000
2.939453124506606e-006	-1.357991e+000
2.949218749506606e-006	-1.358167e+000
2.958984374506606e-006	-1.353069e+000
2.968749999506606e-006	-1.342705e+000
2.978515624506606e-006	-1.327120e+000
2.988281249506606e-006	-1.306399e+000
2.998046874506606e-006	-1.280661e+000
3.007812499506606e-006	-1.250060e+000
3.017578124506606e-006	-1.214780e+000
3.037109374506606e-006	-1.131036e+000
3.056640624506606e-006	-1.031323e+000
3.076171874506606e-006	-9.177233e-001
3.095703124506606e-006	-7.923650e-001
3.115234374506606e-006	-6.573182e-001
3.134765624506606e-006	-5.145344e-001
3.144531249506607e-006	-4.408152e-001
3.154296874506607e-006	-3.658373e-001
3.164062499506607e-006	-2.898148e-001
3.173828124506607e-006	-2.129606e-001
3.183593749506607e-006	-1.354887e-001
3.193359374506607e-006	-5.761724e-002
3.203124999506607e-006	2.042954e-002
3.212890624506607e-006	9.841849e-002
3.222656249506607e-006	1.761061e-001
3.232421874506607e-006	2.532373e-001
3.242187499506607e-006	3.295448e-001
3.251953124506607e-006	4.047494e-001
3.261718749506607e-006	4.785611e-001
3.271484374506607e-006	5.506806e-001
3.281249999506607e-006	6.208017e-001
3.291015624506607e-006	6.886146e-001
3.300781249506607e-006	7.538092e-001
3.320312499506607e-006	8.751267e-001
3.330078124506607e-006	9.306648e-001
3.339843749506607e-006	9.824238e-001
3.349609374506607e-006	1.030154e+000
3.359374999506607e-006	1.073629e+000
3.369140624506607e-006	1.112649e+000
3.378906249506607e-006	1.147044e+000
3.388671874506607e-006	1.176673e+000
3.398437499506607e-006	1.201428e+000
3.408203124506607e-006	1.221231e+000
3.417968749506607e-006	1.236037e+000
3.427734374506607e-006	1.245829e+000
3.437499999506607e-006	1.250617e+000
3.457031249506607e-006	1.245355e+000
3.476562499506607e-006	1.220799e+000
3.496093749506607e-006	1.177762e+000
3.515624999506607e-006	1.117233e+000
3.535156249506608e-006	1.040306e+000
3.554687499506608e-006	9.481318e-001
3.574218749506608e-006	8.419125e-001
3.593749999506608e-006	7.229243e-001
3.613281249506608e-006	5.925624e-001
3.632812499506608e-006	4.523967e-001
3.642578124506608e-006	3.791883e-001
3.652343749506608e-006	3.042211e-001
3.662109374506608e-006	2.277594e-001
3.671874999506608e-006	1.500835e-001
3.681640624506608e-006	7.148903e-002
3.691406249506608e-006	-7.714471e-003
3.701171874506608e-006	-8.720542e-002
3.710937499506608e-006	-1.666526e-001
3.720703124506608e-006	-2.457182e-001
3.730468749506608e-006	-3.240606e-001
3.740234374506608e-006	-4.013379e-001
3.749999999506608e-006	-4.772118e-001
3.759765624506608e-006	-5.513503e-001
3.769531249506608e-006	-6.234317e-001
3.779296874506608e-006	-6.931473e-001
3.789062499506608e-006	-7.602046e-001
3.798828124506608e-006	-8.243291e-001
3.808593749506608e-006	-8.852668e-001
3.818359374506608e-006	-9.427850e-001
3.828124999506607e-006	-9.966735e-001
3.837890624506607e-006	-1.046745e+000
3.847656249506607e-006	-1.092834e+000
3.857421874506606e-006	-1.134798e+000
3.876953124506605e-006	-1.205880e+000
3.896484374506605e-006	-1.259237e+000
3.916015624506604e-006	-1.294378e+000
3.935546874506603e-006	-1.311018e+000
3.955078124506602e-006	-1.309047e+000
3.974609374506602e-006	-1.288500e+000
3.994140624506601e-006	-1.249564e+000
4.013671874506600e-006	-1.192598e+000
4.033203124506599e-006	-1.118170e+000
4.052734374506598e-006	-1.027108e+000
4.072265624506598e-006	-9.205303e-001
4.082031249506597e-006	-8.618619e-001
4.091796874506597e-006	-7.998821e-001
4.101562499506596e-006	-7.348222e-001
4.111328124506596e-006	-6.669328e-001
4.121093749506596e-006	-5.964824e-001
4.130859374506595e-006	-5.237554e-001
4.140624999506595e-006	-4.490503e-001
4.150390624506594e-006	-3.726768e-001
4.160156249506594e-006	-2.949540e-001
4.169921874506594e-006	-2.162067e-001
4.189453124506593e-006	-5.695339e-002
4.199218749506592e-006	2.289654e-002
4.208984374506592e-006	1.024637e-001
4.228515624506591e-006	2.594943e-001
4.248046874506590e-006	4.117229e-001
4.267578124506590e-006	5.569121e-001
4.277343749506589e-006	6.262224e-001
4.287109374506589e-006	6.930249e-001
4.296874999506588e-006	7.570965e-001
4.316406249506588e-006	8.762134e-001
4.335937499506587e-006	9.820153e-001
4.355468749506586e-006	1.073106e+000
4.374999999506585e-006	1.148237e+000
4.394531249506584e-006	1.206310e+000
4.414062499506584e-006	1.246390e+000
4.433593749506583e-006	1.267730e+000
4.453124999506582e-006	1.269821e+000
4.472656249506581e-006	1.252428e+000
4.492187499506580e-006	1.215636e+000
4.511718749506580e-006	1.159880e+000
4.531249999506579e-006	1.085961e+000
4.550781249506578e-006	9.950347e-001
4.570312499506577e-006	8.885902e-001
4.589843749506576e-006	7.683985e-001
4.609374999506576e-006	6.364567e-001
4.628906249506575e-006	4.949221e-001
4.648437499506574e-006	3.460500e-001
4.667968749506573e-006	1.921383e-001
4.687499999506572e-006	3.548488e-002
4.697265624506572e-006	-4.315907e-002
4.716796874506571e-006	-1.996828e-001
4.736328124506570e-006	-3.533582e-001
4.755859374506570e-006	-5.020351e-001
4.765624999506569e-006	-5.738414e-001
4.775390624506569e-006	-6.436158e-001
4.785156249506568e-006	-7.111056e-001
4.794921874506568e-006	-7.760622e-001
4.814453124506567e-006	-8.974094e-001
4.833984374506566e-006	-1.005793e+000
4.853515624506566e-006	-1.099484e+000
4.873046874506565e-006	-1.176937e+000
4.892578124506564e-006	-1.236835e+000
4.912109374506563e-006	-1.278142e+000
4.931640624506563e-006	-1.300137e+000
4.951171874506562e-006	-1.302446e+000
4.970703124506561e-006	-1.285051e+000
4.990234374506560e-006	-1.248284e+000
5.009765624506559e-006	-1.192808e+000
5.029296874506559e-006	-1.119588e+000
5.048828124506558e-006	-1.029844e+000
5.068359374506557e-006	-9.250199e-001
5.087890624506556e-006	-8.067365e-001
5.107421874506555e-006	-6.767654e-001
5.126953124506555e-006	-5.370029e-001
5.146484374506554e-006	-3.894535e-001
5.166015624506553e-006	-2.362183e-001
5.185546874506552e-006	-7.948550e-002
5.205078124506551e-006	7.848173e-002
5.214843749506551e-006	1.572048e-001
5.224609374506551e-006	2.353633e-001
5.234374999506550e-006	3.126627e-001
5.244140624506550e-006	3.888085e-001
5.253906249506549e-006	4.635080e-001
5.263671874506549e-006	5.364714e-001
5.273437499506549e-006	6.074135e-001
5.283203124506548e-006	6.760553e-001
5.302734374506547e-006	8.053626e-001
5.322265624506547e-006	9.223472e-001
5.341796874506546e-006	1.025164e+000
5.361328124506545e-006	1.112213e+000
5.380859374506544e-006	1.182171e+000
5.400390624506543e-006	1.234017e+000
5.419921874506543e-006	1.267034e+000
5.439453124506542e-006	1.280817e+000
5.458984374506541e-006	1.275253e+000
5.478515624506540e-006	1.250511e+000
5.498046874506539e-006	1.207023e+000
5.517578124506539e-006	1.145468e+000
5.537109374506538e-006	1.066758e+000
5.556640624506537e-006	9.720289e-001
5.576171874506536e-006	8.626339e-001
5.595703124506535e-006	7.401370e-001
5.605468749506535e-006	6.745200e-001
5.615234374506535e-006	6.063055e-001
5.624999999506534e-006	5.357441e-001
5.634765624506534e-006	4.630971e-001
5.644531249506533e-006	3.886356e-001
5.654296874506533e-006	3.126402e-001
5.664062499506533e-006	2.353988e-001
5.673828124506532e-006	1.572064e-001
5.693359374506531e-006	-8.258654e-004
5.712890624506531e-006	-1.590157e-001
5.732421874506530e-006	-3.149079e-001
5.751953124506529e-006	-4.660844e-001
5.771484374506528e-006	-6.102131e-001
5.781249999506528e-006	-6.789405e-001
5.791015624506527e-006	-7.450932e-001
5.800781249506527e-006	-8.084226e-001
5.810546874506527e-006	-8.686929e-001
5.830078124506526e-006	-9.791796e-001
5.849609374506525e-006	-1.074941e+000
5.869140624506524e-006	-1.154600e+000
5.888671874506524e-006	-1.217021e+000
5.908203124506523e-006	-1.261317e+000
5.927734374506522e-006	-1.286855e+000
5.947265624506521e-006	-1.293255e+000
5.966796874506520e-006	-1.280400e+000
5.986328124506520e-006	-1.248439e+000
6.005859374506519e-006	-1.197795e+000
6.025390624506518e-006	-1.129170e+000
6.044921874506517e-006	-1.043543e+000
6.064453124506516e-006	-9.421641e-001
6.083984374506516e-006	-8.265463e-001
6.103515624506515e-006	-6.984388e-001
6.123046874506514e-006	-5.598004e-001
6.142578124506513e-006	-4.127626e-001
6.162109374506512e-006	-2.595884e-001
6.181640624506512e-006	-1.026284e-001
6.201171874506511e-006	5.572338e-002
6.210937499506510e-006	1.346715e-001
6.220703124506510e-006	2.130712e-001
6.230468749506510e-006	2.906291e-001
6.240234374506509e-006	3.670562e-001
6.249999999506509e-006	4.420689e-001
6.269531249506508e-006	5.867485e-001
6.289062499506507e-006	7.225382e-001
6.308593749506506e-006	8.474439e-001
6.328124999506506e-006	9.596286e-001
6.347656249506505e-006	1.057433e+000
6.367187499506504e-006	1.139396e+000
6.386718749506503e-006	1.204276e+000
6.406249999506502e-006	1.251069e+000
6.425781249506502e-006	1.279036e+000
6.445312499506501e-006	1.287715e+000
6.464843749506500e-006	1.276938e+000
6.484374999506499e-006	1.246842e+000
6.503906249506498e-006	1.197868e+000
6.523437499506498e-006	1.130761e+000
6.542968749506497e-006	1.046553e+000
6.562499999506496e-006	9.465427e-001
6.582031249506495e-006	8.322741e-001
6.601562499506494e-006	7.055021e-001
6.621093749506494e-006	5.681611e-001
6.640624999506493e-006	4.223315e-001
6.660156249506492e-006	2.702058e-001
6.679687499506491e-006	1.140569e-001
6.699218749506490e-006	-4.379299e-002
6.718749999506490e-006	-2.010018e-001
6.738281249506489e-006	-3.552366e-001
6.757812499506488e-006	-5.042028e-001
6.767578124506488e-006	-5.760109e-001
6.777343749506487e-006	-6.456741e-001
6.787109374506487e-006	-7.129296e-001
6.806640624506486e-006	-8.392099e-001
6.826171874506485e-006	-9.529341e-001
6.845703124506485e-006	-1.052365e+000
6.865234374506484e-006	-1.135975e+000
6.884765624506483e-006	-1.202480e+000
6.904296874506482e-006	-1.250857e+000
6.923828124506481e-006	-1.280368e+000
6.943359374506481e-006	-1.290570e+000
6.962890624506480e-006	-1.281323e+000
6.982421874506479e-006	-1.252786e+000
7.001953124506478e-006	-1.205417e+000
7.021484374506477e-006	-1.139951e+000
7.041015624506477e-006	-1.057394e+000
7.060546874506476e-006	-9.589981e-001
7.080078124506475e-006	-8.462442e-001
7.099609374506474e-006	-7.208176e-001
7.119140624506473e-006	-5.845862e-001
7.138671874506473e-006	-4.395757e-001
7.158203124506472e-006	-2.879434e-001
7.167968749506471e-006	-2.103473e-001
7.177734374506471e-006	-1.319499e-001
7.197265624506470e-006	2.607092e-002
7.216796874506469e-006	1.837455e-001
7.236328124506469e-006	3.386957e-001
7.255859374506468e-006	4.885764e-001
7.275390624506467e-006	6.311134e-001
7.285156249506467e-006	6.989463e-001
7.304687499506466e-006	8.264529e-001
7.324218749506465e-006	9.414874e-001
7.343749999506464e-006	1.042311e+000
7.363281249506463e-006	1.127407e+000
7.382812499506463e-006	1.195504e+000
7.402343749506462e-006	1.245593e+000
7.421874999506461e-006	1.276938e+000
7.441406249506460e-006	1.289088e+000
7.460937499506459e-006	1.281874e+000
7.480468749506459e-006	1.255415e+000
7.499999999506458e-006	1.210111e+000
7.519531249506457e-006	1.146636e+000
7.539062499506456e-006	1.065935e+000
7.558593749506455e-006	9.692038e-001
7.578124999506455e-006	8.578813e-001
7.597656249506454e-006	7.336271e-001
7.617187499506453e-006	5.983002e-001
7.636718749506453e-006	4.539327e-001
7.656249999506452e-006	3.026996e-001
7.675781249506452e-006	1.468851e-001
7.695312499506451e-006	-1.115361e-002
7.705078124506450e-006	-9.025984e-002
7.714843749506450e-006	-1.690245e-001
7.724609374506450e-006	-2.471495e-001
7.734374999506449e-006	-3.243394e-001
7.744140624506449e-006	-4.003027e-001
7.753906249506448e-006	-4.747526e-001
7.763671874506448e-006	-5.474088e-001
7.783203124506447e-006	-6.862540e-001
7.802734374506446e-006	-8.147551e-001
7.822265624506446e-006	-9.309894e-001
7.841796874506445e-006	-1.033221e+000
7.861328124506444e-006	-1.119927e+000
7.880859374506443e-006	-1.189814e+000
7.900390624506442e-006	-1.241839e+000
7.919921874506442e-006	-1.275223e+000
7.939453124506441e-006	-1.289459e+000
7.958984374506440e-006	-1.284326e+000
7.978515624506439e-006	-1.259890e+000
7.998046874506438e-006	-1.216508e+000
8.017578124506438e-006	-1.154821e+000
8.037109374506437e-006	-1.075750e+000
8.056640624506436e-006	-9.804806e-001
8.076171874506435e-006	-8.704483e-001
8.095703124506434e-006	-7.473143e-001
8.115234374506434e-006	-6.129404e-001
8.134765624506433e-006	-4.693586e-001
8.144531249506432e-006	-3.947884e-001
8.154296874506432e-006	-3.187389e-001
8.164062499506432e-006	-2.414972e-001
8.173828124506431e-006	-1.633546e-001
8.193359374506430e-006	-5.546891e-003
8.212890624506430e-006	1.523111e-001
8.232421874506429e-006	3.078493e-001
8.251953124506428e-006	4.587361e-001
8.271484374506427e-006	6.027112e-001
8.291015624506426e-006	7.376180e-001
8.310546874506426e-006	8.614346e-001
8.330078124506425e-006	9.723029e-001
8.349609374506424e-006	1.068555e+000
8.369140624506423e-006	1.148740e+000
8.388671874506422e-006	1.211645e+000
8.408203124506422e-006	1.256316e+000
8.427734374506421e-006	1.282071e+000
8.447265624506420e-006	1.288517e+000
8.466796874506419e-006	1.275551e+000
8.486328124506419e-006	1.243368e+000
8.505859374506418e-006	1.192452e+000
8.525390624506417e-006	1.123577e+000
8.544921874506416e-006	1.037783e+000
8.564453124506415e-006	9.363696e-001
8.583984374506415e-006	8.208683e-001
8.603515624506414e-006	6.930206e-001
8.623046874506413e-006	5.547513e-001
8.642578124506412e-006	4.081384e-001
8.662109374506411e-006	2.553829e-001
8.681640624506411e-006	9.877616e-002
8.691406249506410e-006	1.976120e-002
8.710937499506409e-006	-1.382102e-001
8.730468749506409e-006	-2.941287e-001
8.749999999506408e-006	-4.456527e-001
8.769531249506407e-006	-5.905039e-001
8.779296874506407e-006	-6.597411e-001
8.798828124506406e-006	-7.905341e-001
8.818359374506405e-006	-9.094582e-001
8.837890624506404e-006	-1.014718e+000
8.857421874506403e-006	-1.104726e+000
8.876953124506403e-006	-1.178122e+000
8.896484374506402e-006	-1.233801e+000
8.916015624506401e-006	-1.270924e+000
8.935546874506400e-006	-1.288937e+000
8.955078124506399e-006	-1.287572e+000
8.974609374506399e-006	-1.266855e+000
8.994140624506398e-006	-1.227103e+000
9.013671874506397e-006	-1.168918e+000
9.033203124506396e-006	-1.093178e+000
9.052734374506395e-006	-1.001022e+000
9.072265624506395e-006	-8.938350e-001
9.091796874506394e-006	-7.732255e-001
9.111328124506393e-006	-6.410029e-001
9.130859374506392e-006	-4.991509e-001
9.150390624506391e-006	-3.497987e-001
9.169921874506391e-006	-1.951899e-001
9.189453124506390e-006	-3.764884e-002
9.199218749506389e-006	4.148132e-002
9.208984374506389e-006	1.204540e-001
9.218749999506389e-006	1.989715e-001
9.228515624506388e-006	2.767379e-001
9.248046874506387e-006	4.288487e-001
9.267578124506387e-006	5.744941e-001
9.287109374506386e-006	7.114801e-001
9.306640624506385e-006	8.377435e-001
9.326171874506384e-006	9.513843e-001
9.345703124506384e-006	1.050694e+000
9.365234374506383e-006	1.134181e+000
9.384765624506382e-006	1.200595e+000
9.404296874506381e-006	1.248938e+000
9.423828124506380e-006	1.278490e+000
9.443359374506380e-006	1.288807e+000
9.462890624506379e-006	1.279737e+000
9.482421874506378e-006	1.251416e+000
9.501953124506377e-006	1.204269e+000
9.521484374506376e-006	1.139002e+000
9.541015624506376e-006	1.056595e+000
9.560546874506375e-006	9.582824e-001
9.580078124506374e-006	8.455420e-001
9.599609374506373e-006	7.200677e-001
9.619140624506372e-006	5.837473e-001
9.638671874506372e-006	4.386322e-001
9.648437499506371e-006	3.634555e-001
9.658203124506371e-006	2.869081e-001
9.667968749506370e-006	2.092789e-001
9.677734374506370e-006	1.308603e-001
9.697265624506369e-006	-2.716083e-002
9.716796874506368e-006	-1.847755e-001
9.736328124506368e-006	-3.396110e-001
9.755859374506367e-006	-4.893377e-001
9.775390624506366e-006	-6.317039e-001
9.794921874506365e-006	-7.645699e-001
9.814453124506364e-006	-8.859394e-001
9.833984374506364e-006	-9.939892e-001
9.853515624506363e-006	-1.087096e+000
9.873046874506362e-006	-1.163861e+000
9.892578124506361e-006	-1.223130e+000
9.912109374506360e-006	-1.264011e+000
9.931640624506360e-006	-1.285886e+000
9.951171874506359e-006	-1.288424e+000
9.970703124506358e-006	-1.271585e+000
9.990234374506357e-006	-1.235618e+000
9.999999999506357e-006	-1.208897e+000
9.999999999999999e-006	-1.206034e+000
