time	V(ausgang)
0.000000000000000e+000	1.648115e+000
9.765624940649698e-012	1.648115e+000
1.953124988129940e-011	1.648115e+000
3.906249976259879e-011	1.648115e+000
7.812499952519758e-011	1.648115e+000
1.562499990503952e-010	1.648115e+000
3.124999981007903e-010	1.648115e+000
6.249999962015806e-010	1.648115e+000
1.249999992403161e-009	1.648115e+000
2.499999984806323e-009	1.648115e+000
4.999999969612645e-009	1.648115e+000
9.999999939225290e-009	1.648115e+000
1.999999987845058e-008	1.648115e+000
3.999999975690116e-008	1.648115e+000
7.999999951380232e-008	1.648115e+000
1.599999990276046e-007	1.648115e+000
3.199999980552093e-007	1.648111e+000
6.399999961104186e-007	1.648064e+000
1.279999992220837e-006	1.647696e+000
2.256562492220837e-006	1.646183e+000
3.233124992220837e-006	1.643075e+000
4.023437500000000e-006	1.638581e+000
5.000000000000000e-006	1.630863e+000
5.292968750000000e-006	1.627514e+000
5.683593750000001e-006	1.622329e+000
6.464843750000001e-006	1.609939e+000
7.441406250000001e-006	1.591167e+000
8.417968750000001e-006	1.568614e+000
9.394531250000000e-006	1.542265e+000
1.037109375000000e-005	1.512379e+000
1.134765625000000e-005	1.479298e+000
1.232421875000000e-005	1.443450e+000
1.330078125000000e-005	1.405333e+000
1.427734375000000e-005	1.365491e+000
1.525390625000001e-005	1.324486e+000
1.623046875000001e-005	1.282863e+000
1.720703125000001e-005	1.241117e+000
1.818359375000001e-005	1.199672e+000
1.916015625000001e-005	1.158874e+000
2.013671875000001e-005	1.118984e+000
2.111328125000001e-005	1.080191e+000
2.208984375000001e-005	1.042619e+000
2.306640625000001e-005	1.006341e+000
2.404296875000001e-005	9.713907e-001
2.501953125000001e-005	9.377791e-001
2.599609375000002e-005	9.055099e-001
2.697265625000002e-005	8.746125e-001
2.794921875000002e-005	8.452035e-001
2.892578125000002e-005	8.175932e-001
2.990234375000002e-005	7.923763e-001
3.087890625000002e-005	7.703273e-001
3.185546875000002e-005	7.520090e-001
3.380859375000002e-005	7.259316e-001
3.673828125000002e-005	7.032219e-001
3.920758928571431e-005	6.927484e-001
4.167689732142859e-005	6.835972e-001
4.414620535714287e-005	6.757681e-001
4.661551339285716e-005	6.692612e-001
4.908482142857144e-005	6.640766e-001
5.155412946428572e-005	6.602142e-001
5.402343750000000e-005	6.576740e-001
5.529296875000000e-005	6.560405e-001
5.646484375000000e-005	6.546503e-001
5.744140625000000e-005	6.535601e-001
5.841796875000001e-005	6.525302e-001
6.000000000000000e-005	6.510175e-001
6.174386160714286e-005	6.496363e-001
6.348772321428572e-005	6.484252e-001
6.523158482142858e-005	6.473845e-001
6.697544642857144e-005	6.465140e-001
6.871930803571429e-005	6.458137e-001
7.046316964285716e-005	6.452838e-001
7.220703125000001e-005	6.449240e-001
7.416015625000001e-005	6.446468e-001
7.513671875000001e-005	6.445693e-001
7.611328125000001e-005	6.445317e-001
7.708984375000001e-005	6.445335e-001
7.806640625000001e-005	6.445743e-001
8.001953125000001e-005	6.447721e-001
8.197265625000001e-005	6.451244e-001
8.490234375000002e-005	6.459461e-001
8.783203125000002e-005	6.471328e-001
9.076171875000002e-005	6.487094e-001
9.369140625000003e-005	6.507167e-001
9.662109375000003e-005	6.532161e-001
9.714676339285713e-005	6.537164e-001
9.767243303571423e-005	6.542386e-001
9.819810267857133e-005	6.547828e-001
9.872377232142845e-005	6.553489e-001
9.924944196428555e-005	6.559370e-001
9.977511160714265e-005	6.565471e-001
1.003007812499998e-004	6.571791e-001
1.013320312499989e-004	6.585037e-001
1.023085937499989e-004	6.598309e-001
1.032851562499989e-004	6.612218e-001
1.040234375000000e-004	6.623223e-001
1.052929687500000e-004	6.642891e-001
1.079715401785714e-004	6.684058e-001
1.106501116071429e-004	6.733864e-001
1.133286830357143e-004	6.792309e-001
1.160072544642857e-004	6.859393e-001
1.186858258928572e-004	6.935116e-001
1.213643973214286e-004	7.019478e-001
1.240429687500000e-004	7.112480e-001
1.269726562500000e-004	7.237899e-001
1.299023437500000e-004	7.381689e-001
1.328320312500000e-004	7.533929e-001
1.357617187500000e-004	7.673426e-001
1.386914062500000e-004	7.775612e-001
1.406445312500000e-004	7.813942e-001
1.416210937500000e-004	7.823038e-001
1.425976562500000e-004	7.825238e-001
1.435742187500000e-004	7.820562e-001
1.445507812500000e-004	7.809155e-001
1.465039062500000e-004	7.767325e-001
1.484570312500000e-004	7.703264e-001
1.513867187500001e-004	7.577379e-001
1.540234375000000e-004	7.449980e-001
1.552929687500000e-004	7.388524e-001
1.556835937500000e-004	7.370191e-001
1.564648437500000e-004	7.334730e-001
1.574414062500000e-004	7.292866e-001
1.584179687500000e-004	7.253996e-001
1.590234375000000e-004	7.232077e-001
1.600976562500000e-004	7.196432e-001
1.616880580357143e-004	7.156241e-001
1.632784598214286e-004	7.121407e-001
1.648688616071429e-004	7.091931e-001
1.664592633928572e-004	7.067811e-001
1.680496651785714e-004	7.049049e-001
1.696400669642857e-004	7.035643e-001
1.712304687500000e-004	7.027594e-001
1.731835937500000e-004	7.019783e-001
1.741601562500000e-004	7.017604e-001
1.751367187500000e-004	7.016531e-001
1.761132812500000e-004	7.016542e-001
1.770898437500000e-004	7.017628e-001
1.790429687500000e-004	7.023028e-001
1.809960937500000e-004	7.032838e-001
1.839257812500000e-004	7.056474e-001
1.868554687500000e-004	7.092493e-001
1.897851562500000e-004	7.144192e-001
1.927148437500000e-004	7.217388e-001
1.956445312500000e-004	7.322377e-001
1.975976562500000e-004	7.418451e-001
1.980329241071428e-004	7.442498e-001
1.984681919642857e-004	7.468524e-001
1.989034598214285e-004	7.496528e-001
1.993387276785713e-004	7.526511e-001
1.997739955357141e-004	7.558473e-001
2.002092633928569e-004	7.592413e-001
2.006445312499998e-004	7.628332e-001
2.013320312499995e-004	7.689441e-001
2.023085937499995e-004	7.782086e-001
2.032851562499995e-004	7.879861e-001
2.040234375000000e-004	7.955959e-001
2.050976562500000e-004	8.067226e-001
2.064090401785714e-004	8.200119e-001
2.077204241071429e-004	8.316833e-001
2.090318080357143e-004	8.417367e-001
2.103431919642857e-004	8.501722e-001
2.116545758928572e-004	8.569897e-001
2.129659598214286e-004	8.621893e-001
2.142773437500000e-004	8.657710e-001
2.152539062500000e-004	8.669078e-001
2.162304687500000e-004	8.669609e-001
2.172070312500000e-004	8.659397e-001
2.191601562500000e-004	8.607605e-001
2.211132812500000e-004	8.516348e-001
2.230664062500000e-004	8.389720e-001
2.259960937500000e-004	8.146313e-001
2.289257812500000e-004	7.865026e-001
2.308789062500001e-004	7.677461e-001
2.328320312500001e-004	7.506206e-001
2.357617187500001e-004	7.296285e-001
2.386914062500001e-004	7.139606e-001
2.425976562500001e-004	6.987915e-001
2.443833705357143e-004	6.935400e-001
2.461690848214286e-004	6.887104e-001
2.479547991071429e-004	6.843027e-001
2.497405133928572e-004	6.803168e-001
2.515262276785714e-004	6.767528e-001
2.533119419642858e-004	6.736107e-001
2.550976562500000e-004	6.708905e-001
2.556835937500000e-004	6.700053e-001
2.564648437500000e-004	6.688717e-001
2.574414062500000e-004	6.675229e-001
2.584179687500000e-004	6.662503e-001
2.590234375000000e-004	6.655140e-001
2.602929687500000e-004	6.640784e-001
2.619949776785714e-004	6.624858e-001
2.636969866071429e-004	6.610902e-001
2.653989955357143e-004	6.598913e-001
2.671010044642857e-004	6.588894e-001
2.688030133928572e-004	6.580843e-001
2.705050223214286e-004	6.574761e-001
2.722070312500000e-004	6.570648e-001
2.741601562500000e-004	6.567318e-001
2.751367187500000e-004	6.566368e-001
2.761132812500001e-004	6.565882e-001
2.770898437500001e-004	6.565854e-001
2.780664062500001e-004	6.566280e-001
2.800195312500001e-004	6.568481e-001
2.819726562500001e-004	6.572486e-001
2.849023437500001e-004	6.581939e-001
2.878320312500001e-004	6.595730e-001
2.907617187500001e-004	6.614257e-001
2.936914062500001e-004	6.638157e-001
2.966210937500001e-004	6.668420e-001
2.971467633928572e-004	6.674527e-001
2.976724330357142e-004	6.680941e-001
2.981981026785713e-004	6.687661e-001
2.987237723214283e-004	6.694689e-001
2.992494419642854e-004	6.702024e-001
2.997751116071424e-004	6.709665e-001
3.003007812499995e-004	6.717613e-001
3.013320312499978e-004	6.734434e-001
3.023085937499978e-004	6.751414e-001
3.032851562499978e-004	6.769307e-001
3.040234375000000e-004	6.783527e-001
3.052929687500000e-004	6.809006e-001
3.075530133928572e-004	6.858450e-001
3.098130580357143e-004	6.912133e-001
3.120731026785714e-004	6.970054e-001
3.143331473214286e-004	7.032214e-001
3.165931919642858e-004	7.098613e-001
3.188532366071429e-004	7.169250e-001
3.211132812500001e-004	7.244126e-001
3.240429687500001e-004	7.335047e-001
3.269726562500001e-004	7.411073e-001
3.299023437500001e-004	7.460035e-001
3.308789062500001e-004	7.468696e-001
3.318554687500001e-004	7.473190e-001
3.328320312500001e-004	7.473455e-001
3.338085937500001e-004	7.469522e-001
3.357617187500001e-004	7.449651e-001
3.377148437500001e-004	7.415567e-001
3.406445312500001e-004	7.344555e-001
3.435742187500001e-004	7.260267e-001
3.465039062500001e-004	7.173101e-001
3.494335937500001e-004	7.089774e-001
3.523632812500001e-004	7.013416e-001
3.528376116071429e-004	7.001730e-001
3.533119419642858e-004	6.990261e-001
3.537862723214286e-004	6.979009e-001
3.542606026785715e-004	6.967973e-001
3.547349330357143e-004	6.957155e-001
3.552092633928572e-004	6.946554e-001
3.556835937500000e-004	6.936169e-001
3.564648437500000e-004	6.919767e-001
3.574414062500000e-004	6.900283e-001
3.584179687500000e-004	6.881975e-001
3.590234375000001e-004	6.871461e-001
3.600976562500000e-004	6.854050e-001
3.618275669642857e-004	6.831527e-001
3.635574776785714e-004	6.811981e-001
3.652873883928572e-004	6.795411e-001
3.670172991071429e-004	6.781817e-001
3.687472098214286e-004	6.771200e-001
3.704771205357143e-004	6.763558e-001
3.722070312500000e-004	6.758894e-001
3.741601562500000e-004	6.755288e-001
3.751367187500000e-004	6.754454e-001
3.761132812500000e-004	6.754252e-001
3.770898437500000e-004	6.754673e-001
3.780664062500000e-004	6.755714e-001
3.800195312500000e-004	6.759657e-001
3.819726562500000e-004	6.766117e-001
3.849023437500000e-004	6.780756e-001
3.878320312500001e-004	6.801898e-001
3.907617187500001e-004	6.830602e-001
3.936914062500001e-004	6.868616e-001
3.966210937500001e-004	6.918850e-001
3.971467633928571e-004	6.929190e-001
3.976724330357142e-004	6.940266e-001
3.981981026785713e-004	6.952077e-001
3.987237723214284e-004	6.964625e-001
3.992494419642854e-004	6.977909e-001
3.997751116071425e-004	6.991928e-001
4.003007812499996e-004	7.006684e-001
4.013320312499983e-004	7.039022e-001
4.023085937499983e-004	7.072673e-001
4.032851562499983e-004	7.109104e-001
4.040234375000000e-004	7.138861e-001
4.050976562500000e-004	7.184647e-001
4.064090401785715e-004	7.249140e-001
4.077204241071429e-004	7.314929e-001
4.090318080357143e-004	7.382015e-001
4.103431919642858e-004	7.450397e-001
4.116545758928572e-004	7.520075e-001
4.129659598214286e-004	7.591050e-001
4.142773437500000e-004	7.663321e-001
4.172070312500000e-004	7.788928e-001
4.201367187500001e-004	7.862222e-001
4.211132812500001e-004	7.872842e-001
4.220898437500001e-004	7.876245e-001
4.230664062500001e-004	7.872437e-001
4.240429687500001e-004	7.861547e-001
4.259960937500001e-004	7.819625e-001
4.279492187500001e-004	7.753870e-001
4.308789062500001e-004	7.622432e-001
4.338085937500001e-004	7.472608e-001
4.367382812500001e-004	7.326850e-001
4.396679687500001e-004	7.198164e-001
4.425976562500001e-004	7.089390e-001
4.455273437500001e-004	6.998267e-001
4.468945312500001e-004	6.961464e-001
4.482617187500000e-004	6.926783e-001
4.496289062500001e-004	6.894226e-001
4.509960937500000e-004	6.863791e-001
4.523632812500000e-004	6.835479e-001
4.537304687500000e-004	6.809290e-001
4.550976562500000e-004	6.785224e-001
4.556835937500000e-004	6.775264e-001
4.564648437500000e-004	6.762505e-001
4.574414062500000e-004	6.747333e-001
4.584179687500000e-004	6.733035e-001
4.590234375000001e-004	6.724780e-001
4.602929687500000e-004	6.708728e-001
4.619949776785714e-004	6.691098e-001
4.636969866071429e-004	6.675678e-001
4.653989955357143e-004	6.662468e-001
4.671010044642857e-004	6.651469e-001
4.688030133928571e-004	6.642679e-001
4.705050223214286e-004	6.636101e-001
4.722070312500000e-004	6.631732e-001
4.741601562500000e-004	6.628190e-001
4.751367187500000e-004	6.627203e-001
4.761132812500000e-004	6.626723e-001
4.770898437500000e-004	6.626745e-001
4.780664062500000e-004	6.627265e-001
4.800195312500000e-004	6.629785e-001
4.819726562500000e-004	6.634289e-001
4.849023437500000e-004	6.644856e-001
4.878320312500000e-004	6.660273e-001
4.907617187500000e-004	6.681064e-001
4.936914062500000e-004	6.708077e-001
4.966210937500000e-004	6.742648e-001
4.990234375000000e-004	6.777775e-001
4.994927455357144e-004	6.785583e-001
4.999620535714288e-004	6.793748e-001
5.004313616071432e-004	6.802271e-001
5.009006696428575e-004	6.811150e-001
5.013699776785719e-004	6.820387e-001
5.018392857142863e-004	6.829981e-001
5.023085937500007e-004	6.839932e-001
5.032851562500007e-004	6.861342e-001
5.040234375000000e-004	6.878446e-001
5.052929687500000e-004	6.909226e-001
5.072739955357142e-004	6.963010e-001
5.092550223214286e-004	7.019675e-001
5.112360491071428e-004	7.079221e-001
5.132170758928572e-004	7.141649e-001
5.151981026785714e-004	7.206958e-001
5.171791294642857e-004	7.275148e-001
5.191601562500000e-004	7.346219e-001
5.220898437500000e-004	7.434732e-001
5.250195312500000e-004	7.497202e-001
5.269726562500000e-004	7.518680e-001
5.279492187500000e-004	7.522622e-001
5.289257812500000e-004	7.521935e-001
5.299023437500000e-004	7.516673e-001
5.318554687500000e-004	7.493155e-001
5.338085937500000e-004	7.454398e-001
5.367382812500000e-004	7.375391e-001
5.396679687500000e-004	7.283245e-001
5.425976562500000e-004	7.189428e-001
5.455273437500000e-004	7.101017e-001
5.484570312500000e-004	7.020992e-001
5.513867187500000e-004	6.949828e-001
5.519447544642857e-004	6.937245e-001
5.525027901785714e-004	6.924930e-001
5.530608258928571e-004	6.912884e-001
5.536188616071429e-004	6.901106e-001
5.541768973214286e-004	6.889596e-001
5.547349330357143e-004	6.878354e-001
5.552929687500000e-004	6.867381e-001
5.564648437500000e-004	6.845555e-001
5.574414062500000e-004	6.828444e-001
5.584179687500000e-004	6.812335e-001
5.590234375000001e-004	6.803056e-001
5.602929687500000e-004	6.785075e-001
5.619949776785715e-004	6.765573e-001
5.636969866071429e-004	6.748587e-001
5.653989955357144e-004	6.734115e-001
5.671010044642857e-004	6.722159e-001
5.688030133928571e-004	6.712718e-001
5.705050223214286e-004	6.705793e-001
5.722070312500000e-004	6.701382e-001
5.741601562500000e-004	6.697910e-001
5.751367187500000e-004	6.697048e-001
5.761132812500000e-004	6.696755e-001
5.770898437500000e-004	6.697025e-001
5.780664062500000e-004	6.697851e-001
5.800195312500000e-004	6.701176e-001
5.819726562500000e-004	6.706750e-001
5.849023437500000e-004	6.719488e-001
5.878320312500000e-004	6.737892e-001
5.907617187500000e-004	6.762742e-001
5.936914062500000e-004	6.795304e-001
5.966210937500000e-004	6.837629e-001
5.971467633928572e-004	6.846278e-001
5.976724330357144e-004	6.855471e-001
5.981981026785716e-004	6.865208e-001
5.987237723214287e-004	6.875490e-001
5.992494419642859e-004	6.886316e-001
5.997751116071431e-004	6.897687e-001
6.003007812500003e-004	6.909602e-001
6.013320312500007e-004	6.935364e-001
6.023085937500007e-004	6.961855e-001
6.032851562500007e-004	6.990232e-001
6.040234375000001e-004	7.013162e-001
6.052929687500000e-004	7.054847e-001
6.068554687500001e-004	7.113373e-001
6.084179687500000e-004	7.174087e-001
6.099804687500001e-004	7.236990e-001
6.115429687500000e-004	7.302081e-001
6.131054687500000e-004	7.369361e-001
6.146679687500000e-004	7.438829e-001
6.162304687500000e-004	7.510486e-001
6.191601562500000e-004	7.618954e-001
6.220898437500000e-004	7.687762e-001
6.230664062500000e-004	7.699552e-001
6.240429687500000e-004	7.705343e-001
6.250195312500000e-004	7.705070e-001
6.259960937500000e-004	7.698791e-001
6.279492187500000e-004	7.669052e-001
6.299023437500000e-004	7.618921e-001
6.328320312500000e-004	7.515430e-001
6.357617187500000e-004	7.394761e-001
6.386914062500000e-004	7.274129e-001
6.416210937500001e-004	7.163940e-001
6.445507812500001e-004	7.067609e-001
6.474804687500001e-004	6.984619e-001
6.485965401785715e-004	6.956408e-001
6.497126116071430e-004	6.929480e-001
6.508286830357144e-004	6.903833e-001
6.519447544642858e-004	6.879469e-001
6.530608258928572e-004	6.856386e-001
6.541768973214287e-004	6.834585e-001
6.552929687500001e-004	6.814067e-001
6.564648437500000e-004	6.793751e-001
6.574414062500000e-004	6.777828e-001
6.584179687500000e-004	6.762831e-001
6.590234375000001e-004	6.754180e-001
6.602929687500001e-004	6.737381e-001
6.619949776785715e-004	6.719015e-001
6.636969866071430e-004	6.702971e-001
6.653989955357144e-004	6.689249e-001
6.671010044642857e-004	6.677850e-001
6.688030133928572e-004	6.668773e-001
6.705050223214286e-004	6.662019e-001
6.722070312500001e-004	6.657587e-001
6.741601562500001e-004	6.654012e-001
6.751367187500001e-004	6.653039e-001
6.761132812500001e-004	6.652598e-001
6.770898437500001e-004	6.652678e-001
6.780664062500001e-004	6.653277e-001
6.800195312500001e-004	6.656020e-001
6.819726562500001e-004	6.660836e-001
6.849023437500001e-004	6.672060e-001
6.878320312500001e-004	6.688402e-001
6.907617187500001e-004	6.710460e-001
6.936914062500001e-004	6.739207e-001
6.966210937500001e-004	6.776190e-001
6.971467633928572e-004	6.783710e-001
6.976724330357145e-004	6.791664e-001
6.981981026785716e-004	6.800050e-001
6.987237723214288e-004	6.808868e-001
6.992494419642859e-004	6.818119e-001
6.997751116071432e-004	6.827803e-001
7.003007812500003e-004	6.837919e-001
7.013320312500008e-004	6.859588e-001
7.023085937500008e-004	6.881684e-001
7.032851562500008e-004	6.905173e-001
7.040234375000000e-004	6.924001e-001
7.052929687500000e-004	6.957980e-001
7.071344866071428e-004	7.013640e-001
7.089760044642857e-004	7.071827e-001
7.108175223214285e-004	7.132543e-001
7.126590401785714e-004	7.195787e-001
7.145005580357143e-004	7.261559e-001
7.163420758928571e-004	7.329859e-001
7.181835937500000e-004	7.400688e-001
7.211132812500000e-004	7.492911e-001
7.240429687500000e-004	7.554229e-001
7.259960937500000e-004	7.572228e-001
7.269726562500000e-004	7.573730e-001
7.279492187500000e-004	7.570211e-001
7.289257812500000e-004	7.561793e-001
7.308789062500000e-004	7.531266e-001
7.328320312500000e-004	7.485067e-001
7.357617187500000e-004	7.395347e-001
7.386914062500000e-004	7.294365e-001
7.416210937500000e-004	7.194207e-001
7.445507812500000e-004	7.101696e-001
7.474804687500000e-004	7.019187e-001
7.504101562500000e-004	6.946583e-001
7.523632812500000e-004	6.903179e-001
7.528376116071429e-004	6.893150e-001
7.533119419642857e-004	6.883326e-001
7.537862723214285e-004	6.873708e-001
7.542606026785714e-004	6.864294e-001
7.547349330357143e-004	6.855085e-001
7.552092633928571e-004	6.846081e-001
7.556835937500000e-004	6.837282e-001
7.564648437500000e-004	6.823373e-001
7.574414062500000e-004	6.806832e-001
7.584179687500000e-004	6.791255e-001
7.590234375000000e-004	6.782276e-001
7.602929687500000e-004	6.764861e-001
7.619949776785715e-004	6.745907e-001
7.636969866071429e-004	6.729380e-001
7.653989955357143e-004	6.715280e-001
7.671010044642857e-004	6.703608e-001
7.688030133928571e-004	6.694363e-001
7.705050223214286e-004	6.687545e-001
7.722070312500000e-004	6.683155e-001
7.741601562500000e-004	6.679673e-001
7.751367187500000e-004	6.678781e-001
7.761132812500000e-004	6.678441e-001
7.770898437500000e-004	6.678646e-001
7.780664062500000e-004	6.679391e-001
7.800195312500000e-004	6.682497e-001
7.819726562500000e-004	6.687778e-001
7.849023437500000e-004	6.699914e-001
7.878320312500000e-004	6.717483e-001
7.907617187500000e-004	6.741185e-001
7.936914062500000e-004	6.772162e-001
7.966210937500000e-004	6.812243e-001
7.971467633928572e-004	6.820417e-001
7.976724330357144e-004	6.829085e-001
7.981981026785716e-004	6.838249e-001
7.987237723214287e-004	6.847909e-001
7.992494419642858e-004	6.858064e-001
7.997751116071431e-004	6.868715e-001
8.003007812500002e-004	6.879861e-001
8.013320312500007e-004	6.903865e-001
8.023085937500007e-004	6.928462e-001
8.032851562500007e-004	6.954725e-001
8.040234375000001e-004	6.975877e-001
8.052929687500000e-004	7.014215e-001
8.069949776785715e-004	7.072840e-001
8.086969866071429e-004	7.133825e-001
8.103989955357144e-004	7.197172e-001
8.121010044642857e-004	7.262879e-001
8.138030133928571e-004	7.330948e-001
8.155050223214286e-004	7.401377e-001
8.172070312500000e-004	7.474167e-001
8.201367187500000e-004	7.574291e-001
8.230664062500000e-004	7.637287e-001
8.240429687500000e-004	7.647863e-001
8.250195312500000e-004	7.652830e-001
8.259960937500000e-004	7.652131e-001
8.269726562500000e-004	7.645831e-001
8.289257812500000e-004	7.617270e-001
8.308789062500000e-004	7.569891e-001
8.338085937500000e-004	7.473024e-001
8.367382812500000e-004	7.360641e-001
8.396679687500000e-004	7.248093e-001
8.425976562500000e-004	7.144558e-001
8.455273437500000e-004	7.053210e-001
8.484570312500000e-004	6.973816e-001
8.494335937500000e-004	6.949929e-001
8.504101562500000e-004	6.926980e-001
8.513867187500000e-004	6.904968e-001
8.523632812500000e-004	6.883893e-001
8.533398437500000e-004	6.863754e-001
8.543164062500000e-004	6.844553e-001
8.552929687500000e-004	6.826289e-001
8.564648437500000e-004	6.805626e-001
8.574414062500000e-004	6.789432e-001
8.584179687500000e-004	6.774180e-001
8.590234375000001e-004	6.765385e-001
8.602929687500001e-004	6.748315e-001
8.619949776785715e-004	6.729686e-001
8.636969866071429e-004	6.713423e-001
8.653989955357144e-004	6.699526e-001
8.671010044642857e-004	6.687994e-001
8.688030133928572e-004	6.678827e-001
8.705050223214286e-004	6.672027e-001
8.722070312500000e-004	6.667591e-001
8.741601562500001e-004	6.664029e-001
8.751367187500001e-004	6.663077e-001
8.761132812500001e-004	6.662663e-001
8.770898437500001e-004	6.662780e-001
8.780664062500001e-004	6.663424e-001
8.800195312500001e-004	6.666285e-001
8.819726562500001e-004	6.671257e-001
8.849023437500001e-004	6.682795e-001
8.878320312500001e-004	6.699566e-001
8.907617187500001e-004	6.722205e-001
8.936914062500001e-004	6.751744e-001
8.966210937500001e-004	6.789829e-001
8.971467633928572e-004	6.797582e-001
8.976724330357145e-004	6.805790e-001
8.981981026785716e-004	6.814452e-001
8.987237723214287e-004	6.823569e-001
8.992494419642859e-004	6.833140e-001
8.997751116071431e-004	6.843166e-001
9.003007812500003e-004	6.853647e-001
9.013320312500008e-004	6.876140e-001
9.023085937500008e-004	6.899117e-001
9.032851562500008e-004	6.923580e-001
9.040234375000001e-004	6.943220e-001
9.052929687500001e-004	6.978720e-001
9.069949776785715e-004	7.032105e-001
9.086969866071430e-004	7.087974e-001
9.103989955357144e-004	7.146326e-001
9.121010044642857e-004	7.207162e-001
9.138030133928572e-004	7.270481e-001
9.155050223214286e-004	7.336284e-001
9.172070312500001e-004	7.404571e-001
9.201367187500001e-004	7.504135e-001
9.230664062500001e-004	7.573657e-001
9.250195312500001e-004	7.596853e-001
9.259960937500001e-004	7.600704e-001
9.269726562500001e-004	7.599301e-001
9.279492187500001e-004	7.592721e-001
9.299023437500001e-004	7.564888e-001
9.318554687500001e-004	7.519912e-001
9.347851562500001e-004	7.429271e-001
9.377148437500001e-004	7.324859e-001
9.406445312500001e-004	7.220193e-001
9.435742187500001e-004	7.123266e-001
9.465039062500001e-004	7.036985e-001
9.494335937500001e-004	6.961338e-001
9.502706473214287e-004	6.941621e-001
9.511077008928572e-004	6.922554e-001
9.519447544642858e-004	6.904136e-001
9.527818080357144e-004	6.886369e-001
9.536188616071430e-004	6.869251e-001
9.544559151785715e-004	6.852783e-001
9.552929687500001e-004	6.836964e-001
9.564648437500001e-004	6.816067e-001
9.574414062500001e-004	6.799684e-001
9.584179687500001e-004	6.784256e-001
9.590234375000001e-004	6.775361e-001
9.602929687500001e-004	6.758103e-001
9.619949776785715e-004	6.739299e-001
9.636969866071430e-004	6.722897e-001
9.653989955357144e-004	6.708895e-001
9.671010044642858e-004	6.697294e-001
9.688030133928572e-004	6.688094e-001
9.705050223214287e-004	6.681294e-001
9.722070312500001e-004	6.676896e-001
9.741601562500001e-004	6.673393e-001
9.751367187500001e-004	6.672482e-001
9.761132812500001e-004	6.672118e-001
9.770898437500000e-004	6.672294e-001
9.780664062499999e-004	6.673003e-001
9.800195312499997e-004	6.676022e-001
9.819726562499995e-004	6.681190e-001
9.849023437499991e-004	6.693103e-001
9.878320312499988e-004	6.710368e-001
9.907617187499985e-004	6.733664e-001
9.936914062499982e-004	6.764085e-001
9.966210937499978e-004	6.803391e-001
9.995703124999636e-004	6.854482e-001
1.000000000000000e-003	6.863155e-001
